0 1
0 1
12 1
4 1
0 1
1 1
4 1
10 1
0 3
0 1
1 6
9 2
1 1
1 1
1 1
1 2
1 1
1 2
1 1
11 1
0 1
4 1
8 5
12 1
12 1
0 1
12 1
11 1
4 1
0 1
1 10
3 2
0 1
11 1
4 3
0 1
3 2
1 1
1 1
0 1
3 2
7 2
0 2
0 1
4 1
0 1
11 1
12 1
4 1
1 3
8 2
1 1
1 1
4 1
1 1
3 3
8 1
0 2
4 5
0 2
4 4
6 1
1 1
1 4
1 1
7 1
2 1
2 1
0 1
1 1
11 1
0 1
0 1
4 1
4 1
4 1
12 3
4 4
11 1
10 4
11 1
1 1
10 3
11 11
1 3
11 2
0 2
4 4
4 1
1 3
12 1
0 10
1 28
7 1
1 1
1 1
1 1
1 9
11 1
0 1
3 3
1 2
0 2
1 6
3 5
10 1
1 1
4 3
11 1
4 2
11 1
1 3
8 1
1 1
4 1
1 1
0 4
1 2
7 1
0 3
0 1
0 1
1 1
12 3
12 1
1 3
0 3
1 5
1 4
0 6
4 2
12 9
12 8
10 2
11 1
1 1
4 2
0 2
1 11
3 2
4 1
4 1
3 2
1 1
4 1
3 2
3 5
11 1
12 2
11 2
11 1
1 6
4 2
1 1
10 2
0 2
1 1
1 1
10 1
0 1
12 1
0 1
0 1
0 4
8 9
4 1
1 1
7 1
1 1
1 1
1 1
1 1
1 1
0 4
1 4
3 2
3 1
1 1
1 1
0 1
4 1
0 1
1 1
6 1
4 1
1 3
4 3
8 4
1 1
1 1
11 1
0 1
1 2
2 1
1 3
6 5
2 2
0 1
10 1
11 1
11 1
0 1
1 8
1 3
10 1
1 2
1 6
1 2
1 8
2 1
1 2
1 7
1 3
4 1
0 1
0 2
0 1
1 4
11 1
1 1
1 1
1 1
1 1
1 1
1 1
1 1
4 1
3 1
8 1
1 1
12 3
1 5
10 1
8 1
0 1
0 1
1 1
0 3
4 2
4 1
12 2
1 1
1 4
6 1
3 4
0 3
0 1
3 1
1 1
1 1
8 1
1 6
0 1
1 3
6 1
12 2
4 1
8 1
8 1
1 7
0 1
4 1
11 2
1 1
3 1
3 1
1 1
12 2
12 1
8 1
12 4
3 1
7 6
1 1
1 2
0 26
1 588
3 20
4 32
2 22
1 37
1 45
3 1
0 1
3 1
1 1
4 1
6 1
2 1
11 1
1 2
1 2
10 4
1 6
4 1
1 1
3 1
0 1
4 4
11 1
4 2
1 1
1 1
4 1
4 1
4 11
1 2
8 1
1 1
4 1
0 2
1 4
6 1
1 1
10 2
4 2
1 2
1 2
1 2
1 6
10 2
1 1
0 4
1 2
1 2
1 1
1 10
1 3
1 1
11 1
1 1
1 3
11 1
4 2
0 2
4 2
10 4
0 5
4 2
1 1
1 1
0 1
8 1
1 3
1 3
4 1
12 1
0 7
4 1
1 1
1 3
1 1
4 2
0 1
1 1
10 1
1 1
1 3
6 1
1 1
4 1
4 1
0 5
1 3
11 1
8 1
1 4
3 1
0 1
1 1
10 1
1 1
1 4
1 1
1 1
11 1
4 2
11 1
1 3
1 4
6 1
1 2
1 4
12 10
7 1
0 1
10 2
4 1
4 3
1 4
1 1
1 2
1 1
1 1
0 3
4 2
4 1
1 3
6 1
1 3
0 2
4 6
4 1
1 1
1 10
10 2
11 1
1 1
12 2
0 1
0 1
4 1
10 1
0 1
0 2
4 4
1 1
11 1
1 2
1 2
1 12
1 2
1 5
12 4
11 9
1 3
6 1
1 8
3 3
6 2
11 1
0 1
1 4
11 1
11 1
1 1
4 2
0 1
4 1
0 1
0 1
0 1
9 1
1 2
3 2
8 6
12 1
0 3
0 4
12 13
1 13
11 4
10 1
4 1
10 1
1 1
10 1
1 5
0 1
1 7
6 1
1 1
0 3
1 17
6 1
1 1
0 1
1 1
0 3
1 1
3 2
7 1
12 2
1 5
4 2
8 2
11 1
1 5
9 3
1 2
1 1
1 6
1 1
1 1
1 1
1 5
1 6
10 2
11 3
1 3
6 1
4 2
1 1
1 1
0 1
0 2
0 3
1 4
3 1
4 5
2 31
1 8
1 19
0 2
1 3
3 1
4 30
4 5
0 13
10 204
1 38
1 1
10 1
8 2
10 1
1 2
7 1
4 2
0 8
1 4
7 2
2 1
2 1
0 8
1 4
7 2
2 1
1 1
1 1
0 9
1 8
11 32
0 9
1 8
11 32
1 3
9 1
1 3
9 1
10 4
10 1
10 11
10 1
10 1
10 1
1 10
10 2
10 1
10 1
8 2
10 1
0 1
0 1
0 1
0 1
10 2
10 1
12 1
0 1
0 1
0 5
8 8
2 23
2 1
0 2
1 1
7 1
2 5
1 7
0 2
1 1
7 1
2 3
1 7
0 11
1 4
3 8
4 54
2 20
2 13
1 32
9 2
2 2
10 5
10 1
10 1
10 1
10 3
10 1
10 4
10 1
10 1
10 1
10 4
0 12
4 7
4 5
2 10
1 2
1 8
10 1
0 3
8 1
3 6
3 2
10 4
10 4
10 1
10 1
10 1
10 1
8 3
0 1
3 8
11 1
11 1
12 1
0 2
3 9
7 2
2 3
0 2
1 1
11 5
12 1
1 1
10 1
2 1
0 1
1 1
0 1
8 1
1 1
11 1
11 1
1 1
1 1
10 1
8 1
4 6
12 1
12 1
1 2
8 1
2 1
12 1
12 2
0 2
12 1
1 1
10 1
10 1
11 1
1 1
0 1
12 1
1 1
6 1
1 1
8 1
10 1
12 1
8 3
10 10
8 2
10 13
10 11
10 16
1 1
1 1
0 4
1 2
10 2
1 5
1 1
10 1
0 1
1 1
7 1
2 1
2 2
1 1
10 1
10 3
1 1
10 1
10 1
10 1
12 3
12 1
1 1
8 1
2 1
1 1
10 1
1 4
3 5
1 1
10 1
10 1
12 1
10 1
11 1
12 1
1 1
9 1
1 1
11 1
1 1
8 1
2 1
3 1
10 1
1 1
0 1
1 1
1 1
9 1
1 1
0 1
8 2
0 1
8 1
0 5
0 2
0 2
1 2
0 1
12 1
4 1
4 1
4 5
10 1
10 2
8 1
8 2
1 1
8 1
10 1
8 1
3 12
1 3
1 1
8 1
0 3
12 1
12 1
12 1
10 1
1 3
11 1
0 1
8 1
1 1
12 1
0 1
3 4
9 1
10 1
1 1
9 1
1 1
0 1
11 1
12 1
1 2
0 1
1 2
7 5
2 5
2 1
0 1
0 1
0 1
8 1
8 1
1 1
8 1
1 1
11 1
8 1
8 1
0 1
10 1
0 1
1 1
11 5
0 1
12 24
12 8
8 1
1 1
10 1
0 3
3 2
7 1
10 1
10 1
0 1
3 12
3 8
11 2
10 1
8 6
0 1
8 1
1 1
11 1
11 1
10 1
12 1
0 1
12 1
8 2
1 1
11 1
0 1
4 3
6 1
0 3
1 4
10 2
1 1
8 1
10 5
0 1
8 1
2 2
1 9
0 1
1 1
11 1
8 1
10 1
0 1
10 1
1 1
10 1
1 2
0 1
10 1
8 1
0 1
1 1
1 1
11 1
1 1
9 7
1 2
10 1
10 1
12 1
8 1
0 1
10 1
0 1
1 1
11 1
1 1
10 1
1 1
0 4
0 1
1 1
1 2
11 10
0 2
8 1
2 1
1 1
8 6
2 2
8 1
10 2
12 1
10 1
8 4
8 1
12 1
1 2
7 1
2 1
1 1
10 3
10 6
10 1
1 1
10 1
10 1
10 3
0 1
12 1
8 1
12 1
1 1
10 2
10 1
11 1
12 1
0 1
10 3
0 1
12 1
1 1
0 2
12 1
12 1
0 1
1 1
1 1
0 7
0 1
3 3
0 2
8 1
0 1
12 1
10 3
0 1
10 3
8 2
10 2
0 3
0 1
12 1
0 1
8 1
12 1
1 1
8 1
11 2
12 1
0 1
8 2
8 1
10 1
10 1
10 1
10 1
8 1
0 1
1 1
9 4
2 1
1 1
0 1
1 1
1 2
0 1
10 1
0 1
1 2
2 11
7 2
2 3
0 1
12 1
8 1
8 1
4 2
1 1
0 1
1 1
0 1
10 2
1 1
12 2
12 1
1 1
0 1
10 1
0 1
1 1
0 1
10 2
8 2
10 1
12 2
1 1
1 1
10 1
12 1
1 1
8 1
2 2
10 1
8 3
2 7
0 1
10 4
3 21
8 1
0 1
0 1
1 1
10 1
10 1
0 1
8 1
8 1
12 1
12 1
12 1
12 2
0 1
3 4
0 1
1 1
8 3
2 3
2 5
10 1
8 1
0 2
8 3
2 1
1 1
8 2
4 1
8 1
0 9
1 10
3 1
4 46
2 3
1 5
1 23
10 1
8 1
0 1
0 1
11 1
8 1
1 1
1 1
8 1
10 2
0 1
12 1
0 1
1 1
0 1
12 1
8 2
4 11
0 1
8 2
8 1
0 1
8 3
3 2
1 1
2 2
0 5
11 1
1 3
10 1
10 3
10 7
1 1
10 1
0 1
1 1
11 3
10 1
8 1
4 2
0 1
1 2
7 1
2 2
1 2
4 4
6 14
10 1
0 1
11 2
0 4
0 1
10 1
10 2
10 1
0 2
0 1
3 5
5 1
1 1
0 1
1 1
10 1
1 1
1 1
2 6
12 3
1 1
11 4
12 1
12 2
8 4
2 1
1 1
1 2
11 1
12 1
11 1
12 1
10 1
0 1
0 1
11 1
0 4
3 15
0 1
1 2
7 2
3 1
8 1
8 1
2 1
8 1
1 1
0 7
1 1
7 3
2 5
1 5
1 1
1 1
10 1
0 1
8 3
3 1
12 1
1 1
1 1
8 1
8 1
10 2
0 2
12 1
1 1
7 1
2 4
1 1
1 1
10 1
1 2
10 7
2 1
10 5
1 1
12 1
8 1
10 1
12 1
8 1
0 1
1 1
12 1
10 1
2 1
12 2
1 1
9 1
1 1
10 1
12 1
0 1
12 1
0 1
8 1
2 1
2 2
11 1
1 1
11 1
0 1
1 1
9 3
0 1
10 2
10 3
10 1
1 1
9 1
1 1
10 1
10 1
10 1
10 1
0 1
1 1
0 1
0 1
12 1
12 5
11 1
8 5
0 1
0 5
0 1
0 2
3 4
10 1
1 1
11 1
0 1
0 1
12 1
12 1
8 2
0 10
1 1
10 5
0 1
10 1
0 1
3 1
11 1
8 1
10 1
10 1
12 2
0 1
12 3
0 1
10 2
1 4
1 2
1 2
8 2
10 1
1 1
0 1
0 3
1 1
3 4
6 8
1 1
1 1
8 1
10 1
10 1
0 1
1 1
12 1
1 1
0 1
10 1
0 1
0 1
10 1
11 1
8 1
2 1
0 2
0 1
0 1
10 1
1 2
1 1
0 1
1 1
0 1
1 1
8 1
10 1
1 1
10 6
11 1
8 1
0 2
8 1
8 1
11 1
10 1
10 1
0 1
10 1
1 1
0 1
12 1
10 1
10 4
1 1
1 1
12 1
1 1
9 3
12 1
8 1
12 1
0 2
10 1
10 1
8 4
8 1
0 1
0 2
8 3
2 3
1 1
0 2
8 1
0 1
1 1
9 1
1 1
8 1
10 1
0 1
10 1
8 4
10 1
8 1
10 3
8 1
0 5
8 1
2 6
1 5
12 5
11 1
0 1
10 11
1 1
11 1
10 8
11 1
0 1
8 2
10 2
2 1
8 1
0 1
10 1
10 2
0 1
1 1
1 1
0 1
0 1
1 2
9 38
1 6
1 2
1 1
10 1
12 1
12 1
12 1
10 1
0 1
12 1
10 1
1 1
10 1
1 1
1 1
11 1
1 2
12 2
11 1
0 1
1 1
0 1
0 1
12 1
0 2
10 2
12 2
10 1
11 1
0 1
8 14
2 1
1 1
10 1
8 9
3 1
1 1
9 2
1 1
0 1
1 1
10 1
0 2
8 5
2 15
2 1
0 1
1 1
10 1
1 1
1 1
12 3
1 1
10 1
1 1
0 1
1 1
0 1
0 1
0 3
10 1
10 1
0 1
0 4
1 1
9 2
0 2
0 2
1 1
1 1
8 5
8 1
8 1
12 1
1 1
8 1
11 1
0 1
1 1
11 1
1 1
0 2
1 1
1 1
12 1
12 1
0 1
0 1
12 1
12 1
0 1
10 1
0 1
1 1
10 1
10 1
0 1
10 2
10 1
0 3
8 1
2 1
0 1
10 1
10 2
11 1
0 2
1 5
9 2
1 1
1 2
12 1
0 1
1 1
0 2
1 1
7 4
2 1
1 1
1 1
11 1
3 17
0 2
1 1
0 1
8 1
1 1
0 1
1 2
10 4
0 1
1 1
10 10
12 2
0 1
1 1
10 2
11 1
11 1
1 1
12 1
3 1
12 1
11 1
1 1
0 1
1 1
0 2
8 2
8 1
0 1
1 1
10 1
10 1
10 1
10 1
1 1
9 1
12 1
11 2
12 2
8 4
2 1
2 1
1 1
0 1
12 2
0 1
1 1
9 1
0 1
1 1
11 1
12 1
1 1
12 1
0 2
12 1
1 1
0 2
10 4
8 1
10 1
10 2
12 1
12 1
8 1
0 1
11 1
1 1
9 1
10 1
10 1
11 1
1 1
12 1
12 1
10 1
8 3
2 1
8 1
11 5
1 1
10 1
0 4
8 1
12 2
1 1
12 1
10 1
8 1
0 1
8 2
10 4
1 1
1 1
0 1
8 2
4 1
10 2
8 9
2 5
1 3
1 1
0 1
8 1
10 1
8 1
10 1
10 1
12 1
1 1
10 1
1 1
0 1
1 2
12 2
10 3
8 2
0 1
0 1
1 1
7 1
3 2
8 1
10 1
8 1
10 1
8 2
3 2
1 1
8 3
2 1
0 1
3 24
7 2
10 1
10 1
8 3
10 6
10 1
1 2
10 1
8 1
8 1
12 1
1 1
9 1
1 1
0 1
1 5
10 1
1 1
1 1
10 1
8 1
2 1
8 1
12 13
0 1
4 1
6 1
1 2
1 1
10 1
1 1
10 1
1 1
12 1
8 4
3 1
0 2
3 1
7 1
1 5
10 1
1 1
8 1
1 2
10 1
1 1
12 1
12 2
10 2
10 1
0 1
1 1
0 1
1 1
10 1
11 1
0 1
10 4
10 1
10 1
0 1
10 4
2 1
10 1
10 1
11 1
10 3
0 1
10 1
11 1
10 2
10 2
1 1
7 5
2 1
0 1
10 2
1 1
2 1
5 1
2 2
12 1
10 1
10 1
12 1
10 1
10 1
0 1
10 1
10 1
1 2
0 1
11 1
12 1
8 1
0 1
1 1
1 3
12 1
11 1
4 1
6 4
1 1
10 1
11 5
4 1
6 1
1 4
1 1
11 2
8 2
0 1
0 1
1 1
10 7
0 1
1 1
10 2
1 1
0 1
8 1
11 1
0 1
12 1
1 1
0 1
11 1
0 1
8 1
0 1
11 1
8 1
2 1
0 1
10 1
8 1
10 1
1 1
9 1
1 2
7 1
2 2
10 1
8 1
12 1
12 1
12 1
10 3
0 2
1 1
9 1
2 1
0 1
12 1
10 1
8 1
4 1
12 5
10 1
12 1
12 1
0 1
8 1
10 1
0 4
1 1
11 2
1 1
10 1
10 1
12 1
3 2
10 1
0 1
12 1
8 2
12 1
0 1
0 1
10 1
2 1
8 1
12 1
0 1
1 1
0 1
11 1
0 1
0 1
11 1
12 2
12 1
8 1
12 1
10 1
3 1
8 1
2 1
12 1
1 2
10 1
1 1
10 1
8 1
10 1
8 2
2 1
0 2
1 1
12 1
0 1
10 1
11 1
10 3
10 1
1 1
1 1
10 1
10 2
11 3
1 2
9 3
11 1
0 1
10 2
10 1
8 10
0 1
8 1
10 1
0 2
10 2
11 1
0 1
10 2
0 2
8 1
10 2
11 1
0 1
12 1
12 1
0 1
1 1
0 1
10 1
0 1
12 1
8 1
4 1
12 1
11 1
0 2
1 2
2 9
7 13
10 1
4 4
6 10
11 2
0 1
1 1
3 1
0 2
8 1
2 1
10 1
1 1
11 1
8 1
0 1
0 1
1 1
9 1
10 1
1 1
1 3
9 1
1 1
0 1
10 1
2 2
0 1
10 1
12 3
0 1
10 1
1 2
7 1
2 1
8 1
0 1
1 1
7 1
8 3
3 1
1 2
11 1
1 2
1 1
10 1
0 1
1 2
0 1
8 3
2 1
1 1
1 1
0 1
1 1
0 1
10 2
2 1
10 5
10 1
12 2
0 2
10 1
0 2
8 1
8 1
1 1
10 1
11 1
10 4
10 1
0 1
10 1
2 1
1 1
0 1
1 4
11 1
0 1
8 1
10 2
0 1
11 1
11 1
0 1
1 1
1 1
2 1
10 1
1 1
12 1
0 1
3 12
9 1
3 1
1 1
1 1
0 2
8 3
2 4
8 1
3 1
9 1
1 1
7 1
12 1
1 3
0 1
1 1
11 1
12 2
12 1
0 1
10 3
10 5
12 1
11 1
10 5
1 1
1 1
8 1
12 2
1 1
12 1
12 1
12 1
8 1
4 1
10 1
1 1
1 1
11 1
10 1
10 1
10 3
1 1
1 1
10 1
0 2
3 4
7 1
4 3
0 2
3 9
5 1
12 1
8 4
11 1
0 3
8 1
2 1
1 1
10 16
10 1
3 1
7 4
0 14
10 1
0 1
0 1
8 1
3 2
1 2
3 11
1 1
11 1
12 1
1 1
0 1
12 1
1 1
11 1
8 1
8 1
11 2
12 1
0 1
10 11
0 2
1 1
11 1
0 1
8 1
1 1
0 1
1 1
10 2
0 3
1 1
7 15
3 1
1 3
12 1
8 1
11 1
0 1
1 1
12 1
12 8
11 1
1 1
1 1
1 1
1 1
0 1
3 6
0 2
3 30
1 1
10 1
0 3
1 1
7 1
1 1
12 1
0 1
0 2
8 1
3 1
10 1
1 1
1 2
0 1
1 1
1 1
1 1
10 1
10 1
8 1
2 1
10 1
1 1
10 2
10 1
10 1
0 1
11 1
11 1
0 2
12 2
0 1
1 1
2 22
5 3
0 1
3 13
12 1
12 1
0 2
0 1
1 1
0 1
8 9
3 1
0 1
1 1
7 1
3 1
1 1
11 3
1 1
1 1
0 1
8 1
2 1
1 2
8 3
2 2
10 2
0 1
8 2
0 1
1 1
1 1
8 1
12 1
0 1
8 2
8 2
8 1
8 1
8 1
0 2
10 5
0 1
8 4
2 1
2 1
10 1
12 1
0 1
10 2
0 1
0 1
0 1
10 2
0 2
10 1
2 1
0 2
8 5
3 1
1 1
10 1
12 1
12 1
0 1
1 1
7 1
3 1
1 1
12 1
0 4
10 1
1 1
1 1
1 1
3 1
1 5
4 2
2 1
1 1
1 1
10 1
10 1
10 2
8 2
3 1
0 1
10 1
11 1
10 1
0 1
12 1
0 1
10 1
1 2
1 2
10 1
1 2
1 2
8 1
12 1
10 1
12 1
11 1
0 1
11 1
0 1
3 13
11 2
12 1
0 1
12 1
10 1
10 1
10 1
1 1
0 1
0 1
1 1
7 2
12 1
11 1
12 1
0 1
10 2
2 2
1 1
1 1
11 2
1 1
10 1
1 1
1 1
9 1
1 1
10 1
1 1
1 1
0 1
10 1
12 1
8 1
0 1
0 1
1 1
1 1
3 1
8 1
11 1
10 2
0 1
0 3
8 3
2 1
1 2
12 1
0 2
0 2
0 1
0 3
8 22
2 2
0 3
1 2
7 3
4 9
8 1
8 1
10 2
8 1
0 1
12 1
0 1
0 1
8 8
2 4
2 2
1 1
0 1
1 1
0 2
8 1
10 1
1 1
11 1
8 1
12 3
12 1
12 1
1 1
12 1
0 1
3 14
10 1
12 2
12 1
12 2
10 1
12 1
0 1
1 1
0 1
12 1
10 4
8 1
0 1
10 1
1 1
10 1
1 1
8 3
10 2
10 2
10 1
1 1
11 1
0 2
12 2
1 2
9 1
2 17
12 1
10 1
10 1
12 2
0 1
12 1
1 1
0 3
12 2
10 3
8 1
0 1
12 1
10 1
10 1
3 5
10 1
1 1
8 23
0 1
1 1
0 1
3 4
1 1
0 1
12 2
0 1
12 1
0 1
0 14
12 2
8 1
8 2
0 1
1 1
10 1
8 1
0 1
10 1
1 1
10 1
1 8
10 1
12 1
1 1
10 1
11 1
1 1
9 2
1 1
1 1
0 1
1 1
12 2
10 1
1 1
11 1
0 1
8 2
0 1
8 1
4 3
0 1
12 1
12 1
8 1
0 1
11 8
12 1
12 1
1 1
11 1
0 1
12 1
1 1
10 1
0 1
1 1
1 1
1 1
7 1
10 1
8 1
0 1
12 1
10 1
12 1
12 1
0 1
1 1
0 4
1 1
7 1
4 2
12 1
1 1
11 1
1 1
11 1
10 3
1 2
1 2
7 1
3 2
1 1
11 1
1 2
1 1
0 2
8 1
0 1
11 1
1 1
10 2
2 1
0 1
8 1
4 1
1 1
7 2
2 1
12 1
8 1
10 1
12 3
8 1
12 1
0 2
8 1
2 1
10 1
10 2
0 3
1 1
1 1
0 2
0 1
1 3
9 1
0 4
1 1
7 6
2 1
2 11
11 2
8 2
8 1
10 1
10 1
0 2
10 2
10 3
0 1
10 1
12 2
0 1
10 1
12 1
0 2
8 1
2 1
1 1
1 8
3 1
10 1
0 2
12 1
1 1
10 1
2 2
8 2
4 1
1 1
7 1
2 4
8 1
0 2
12 1
8 1
10 1
0 1
1 6
10 1
12 1
1 1
11 1
8 1
0 1
12 1
0 1
0 4
3 6
5 2
3 1
1 1
0 1
0 1
0 1
3 9
1 1
0 1
0 1
12 1
12 1
1 1
12 1
1 1
11 1
0 1
1 1
10 6
1 1
0 1
1 1
10 3
1 1
8 1
4 2
0 1
1 1
10 2
1 1
0 1
0 1
11 9
0 1
0 1
10 2
8 1
0 1
10 1
10 1
8 1
2 1
1 2
10 2
1 1
8 1
4 6
4 2
0 4
1 1
7 3
4 1
1 1
2 1
0 1
10 1
10 2
11 1
1 1
11 1
0 1
8 1
1 1
7 2
2 1
1 1
8 1
4 1
8 1
12 1
11 1
12 1
12 1
1 1
10 1
10 2
0 2
0 1
1 1
9 1
1 1
10 2
1 1
10 6
0 1
1 1
7 1
3 1
8 1
10 1
1 1
9 27
10 26
12 1
8 1
10 1
1 1
8 1
12 2
12 1
10 1
0 1
12 1
10 1
8 2
0 1
1 1
2 1
7 1
0 1
0 1
12 1
10 1
12 2
1 1
1 1
8 2
0 1
12 1
8 1
12 2
0 2
10 3
8 4
8 1
1 1
9 2
10 1
11 1
1 1
10 1
8 2
4 1
0 1
12 1
12 1
0 1
8 2
8 1
0 1
1 3
0 1
1 1
0 1
8 1
3 1
1 1
0 1
10 1
1 3
1 1
8 1
10 1
12 2
8 1
0 1
11 1
1 2
8 1
2 1
1 2
0 1
8 3
4 1
12 1
0 2
10 1
0 3
1 2
7 14
4 3
8 2
11 4
8 2
2 1
1 2
1 1
1 1
1 2
1 1
0 1
8 2
12 1
1 1
11 1
0 1
1 1
7 1
2 1
8 1
1 1
8 6
0 1
0 2
8 1
0 5
3 34
7 1
2 1
10 1
0 4
3 4
5 1
3 3
1 1
0 3
10 1
8 2
12 1
11 1
10 4
1 1
8 1
1 1
8 1
0 3
1 1
12 1
10 1
2 1
10 1
1 1
0 1
10 1
0 1
1 1
12 2
8 1
0 1
1 1
7 1
3 15
10 1
10 4
0 1
12 1
0 2
1 2
0 2
12 2
0 1
1 1
10 1
10 9
1 1
10 1
0 1
8 3
8 1
3 1
0 1
12 2
8 1
10 2
2 1
10 1
10 1
0 1
12 1
0 1
0 1
0 1
8 2
3 1
1 1
0 1
1 1
0 1
8 2
1 15
1 5
0 1
3 9
7 1
10 1
1 1
10 1
0 3
12 1
0 1
4 2
4 1
0 1
1 1
10 1
10 1
10 1
12 1
12 1
1 1
8 1
1 1
12 1
8 1
0 2
0 1
1 1
7 2
2 3
2 3
10 1
2 1
8 1
8 2
11 1
11 1
10 2
8 1
1 1
1 1
10 1
10 3
1 1
1 1
11 1
0 2
1 1
11 1
0 2
8 1
12 1
3 5
1 1
10 1
0 1
12 1
10 1
0 1
3 8
5 1
4 1
0 2
0 1
10 6
1 1
3 1
1 1
0 1
1 1
8 1
10 1
4 1
4 2
2 1
1 1
1 2
1 1
1 1
8 1
0 1
1 1
7 2
2 1
1 5
1 5
0 2
1 2
2 2
7 2
1 2
2 1
0 1
12 3
0 1
12 1
12 1
8 1
1 1
11 1
0 2
1 2
11 3
11 1
12 1
0 1
12 1
0 2
0 1
12 1
10 4
0 1
1 3
9 10
1 1
7 2
1 1
0 1
1 2
0 1
10 1
1 1
1 1
12 1
11 1
8 2
12 1
0 3
1 1
8 1
12 1
12 1
12 1
8 3
0 1
8 3
12 1
8 1
4 1
0 2
3 7
1 2
2 1
0 1
3 9
11 1
8 1
2 1
10 1
11 1
11 1
0 1
1 2
8 1
3 2
11 2
10 3
0 2
11 1
0 1
10 1
0 1
12 1
11 1
10 3
8 1
3 1
0 1
10 1
2 1
12 1
8 1
8 1
0 1
0 3
12 1
0 1
0 1
8 5
12 2
0 2
1 5
2 1
7 12
2 2
1 1
7 1
2 2
8 4
2 1
4 3
4 1
2 15
2 1
1 1
8 1
4 1
8 1
0 1
1 1
3 3
4 5
2 3
1 2
1 1
10 2
0 2
12 1
0 1
1 1
12 2
10 1
10 1
0 3
1 4
7 2
2 2
1 1
1 1
12 3
11 1
1 1
8 1
1 1
10 1
10 1
0 1
10 4
10 2
10 1
0 2
0 1
8 1
7 1
1 1
7 4
2 1
1 1
1 1
9 1
2 2
1 1
10 1
10 1
1 1
11 1
10 1
11 1
1 2
0 1
8 2
0 1
8 1
8 1
10 1
0 3
8 2
2 1
2 28
0 1
0 1
8 1
2 1
1 1
1 4
1 1
10 1
10 2
2 1
8 1
2 2
2 1
10 1
8 1
0 1
1 1
10 1
0 2
10 1
10 3
12 1
1 1
1 1
9 11
10 2
0 4
12 1
12 1
11 12
1 1
1 1
8 1
3 1
1 1
10 2
12 1
10 1
11 2
0 1
10 2
2 1
1 1
10 2
1 1
11 1
12 1
0 1
3 10
8 2
0 1
10 2
1 1
11 5
10 2
8 4
1 1
9 1
12 3
0 1
3 9
8 1
8 1
0 1
8 1
8 1
4 1
0 4
1 3
2 4
8 5
1 3
0 2
1 1
10 4
10 1
10 2
0 1
0 2
3 1
10 1
8 1
10 1
10 1
1 2
7 1
1 1
11 1
1 1
10 2
1 1
12 1
0 1
1 2
8 1
11 1
1 1
10 3
1 1
0 1
10 4
10 1
10 1
0 2
8 1
8 1
2 3
10 1
1 1
12 1
0 1
0 3
1 1
2 1
5 2
4 1
8 1
4 1
12 1
10 1
0 1
10 1
12 1
12 2
10 1
10 1
0 1
12 3
3 3
12 4
10 3
0 2
0 1
8 1
0 5
1 3
9 4
1 2
1 2
10 1
0 1
10 4
10 1
10 1
1 2
0 1
1 1
10 16
1 1
8 1
0 1
12 1
8 1
0 17
1 1
10 2
1 1
1 1
0 1
12 3
8 1
1 1
0 8
1 1
2 31
7 2
2 1
3 2
3 1
0 4
1 2
2 1
7 5
2 1
1 10
0 1
10 1
0 1
0 1
12 3
1 6
11 1
12 1
0 1
10 1
8 1
12 1
8 1
1 1
10 1
0 1
8 1
8 2
4 1
8 1
4 1
6 1
1 2
12 1
12 1
10 1
2 1
0 1
12 1
10 1
0 1
11 1
1 2
0 1
12 1
8 2
4 1
11 2
8 1
0 2
1 1
10 1
0 1
12 1
1 1
7 1
8 2
0 1
10 1
0 1
1 2
8 1
10 1
1 1
10 2
11 1
12 1
0 1
8 1
12 1
0 1
1 1
10 1
0 1
0 1
12 1
10 11
1 1
10 2
1 1
10 1
11 1
1 1
7 1
1 1
0 2
0 1
3 3
0 1
0 1
1 1
12 1
0 1
0 1
1 1
11 1
1 1
0 2
0 1
1 1
9 3
2 1
10 2
0 2
0 3
0 1
11 2
0 1
8 3
8 1
8 1
11 1
11 1
0 1
8 2
8 2
1 1
7 1
3 3
1 1
10 1
1 2
0 11
1 2
8 1
1 1
12 3
0 4
8 12
2 5
1 1
1 3
8 1
8 1
8 1
1 1
7 4
12 1
0 1
8 1
8 1
8 1
0 1
8 1
10 1
0 1
10 2
11 1
0 1
0 2
1 1
10 1
8 1
0 2
0 1
11 1
0 1
12 1
1 1
1 1
1 1
0 1
8 2
3 1
1 1
8 2
3 1
0 1
8 3
8 1
1 1
8 1
1 8
7 1
10 1
1 1
10 1
2 3
3 1
0 2
8 1
10 3
0 1
12 1
1 1
12 1
0 4
8 1
3 1
1 1
12 2
12 1
1 1
12 1
11 1
0 1
10 2
1 1
0 1
1 1
10 1
12 1
12 1
1 1
10 1
1 1
11 1
11 1
8 1
2 1
10 1
11 1
8 1
2 1
0 1
8 1
10 2
2 4
1 1
11 2
0 2
12 3
0 1
1 1
8 5
12 1
1 1
9 2
1 1
9 1
8 1
0 1
1 1
7 2
3 1
1 1
0 3
1 5
10 4
1 1
1 1
7 1
2 1
10 1
1 1
12 1
12 2
3 4
10 2
0 1
11 1
11 2
1 1
1 3
10 1
0 3
8 1
8 1
8 1
0 1
12 1
12 2
0 5
1 1
7 1
2 1
12 1
1 1
7 9
2 2
1 1
1 2
10 1
0 1
1 1
9 2
1 3
0 3
1 4
9 20
1 4
8 1
1 1
0 1
12 2
0 1
3 1
10 1
12 1
8 1
0 2
0 6
1 1
9 1
12 1
0 3
1 1
7 2
3 1
1 2
0 4
1 1
9 1
11 1
3 1
12 1
12 1
1 1
1 1
3 3
4 1
2 1
0 1
8 1
12 1
10 1
10 1
10 1
1 1
1 1
0 1
8 1
0 2
12 2
1 8
7 9
2 19
8 2
0 2
12 2
8 2
10 1
1 2
10 1
10 1
2 3
1 1
10 1
0 1
8 6
2 1
2 9
8 1
12 1
8 1
12 1
0 1
1 1
2 1
8 1
8 1
10 1
11 1
10 1
1 1
10 1
1 1
8 1
4 1
0 1
8 1
8 1
10 1
12 1
8 1
0 1
12 1
12 1
0 4
1 1
7 13
2 3
2 1
8 4
12 1
10 1
2 1
10 1
0 1
8 2
0 1
0 1
1 1
10 3
0 1
1 1
12 1
8 1
1 1
0 1
10 2
11 1
12 1
1 2
11 1
0 1
11 2
8 1
0 1
1 1
11 3
12 1
0 1
12 1
12 4
0 1
4 3
4 1
2 3
1 4
11 1
1 1
1 1
0 5
1 1
1 1
1 1
11 1
11 1
0 1
12 1
10 1
0 2
12 1
0 2
10 1
0 1
10 1
10 1
10 5
10 5
1 2
10 1
10 4
12 1
0 1
1 1
10 1
0 1
12 2
8 1
8 1
8 3
8 4
8 3
0 1
1 1
10 8
0 1
8 1
12 1
12 2
10 1
1 1
12 3
0 1
0 1
8 1
12 1
12 1
10 3
12 1
0 2
8 1
1 1
7 1
1 1
0 5
1 1
10 1
1 1
12 1
0 2
0 2
8 1
2 1
11 1
0 1
1 1
7 1
2 1
2 17
8 1
8 1
12 1
8 1
10 1
1 1
12 1
10 1
8 1
1 1
8 3
4 1
8 4
8 1
0 2
11 2
11 1
8 1
8 1
10 2
12 1
10 4
8 1
11 1
0 1
10 2
10 3
10 5
10 3
1 1
0 2
1 3
7 3
2 2
2 1
0 7
1 1
3 2
6 1
1 2
8 1
10 1
10 1
1 1
10 1
0 2
0 1
3 2
1 1
6 4
1 9
0 1
10 1
1 1
1 1
0 1
8 2
2 1
1 1
8 1
0 1
0 2
1 1
0 1
8 1
0 1
10 1
1 1
0 3
1 1
0 1
10 1
12 2
1 1
1 1
12 1
0 2
12 1
1 1
0 1
12 1
1 1
0 1
1 1
0 1
0 3
1 1
7 10
2 7
1 1
1 1
8 1
3 1
8 1
1 1
9 1
0 1
10 1
1 2
10 2
10 1
1 2
3 1
7 9
10 1
1 1
10 2
12 1
0 1
8 6
2 1
8 13
10 6
10 38
10 4
10 1
3 2
1 1
9 3
0 1
3 1
8 1
2 1
10 4
0 3
1 1
11 1
1 1
10 1
1 1
8 1
0 1
3 10
0 1
1 1
2 3
8 1
1 1
8 2
4 2
0 1
10 1
11 1
10 4
0 1
0 1
12 2
10 1
12 2
12 1
8 1
12 2
8 3
10 1
1 1
0 1
0 1
10 4
10 1
8 1
1 1
12 1
4 2
10 1
12 1
12 1
8 4
0 1
8 1
0 1
12 2
0 2
1 3
11 3
12 1
0 1
12 1
8 1
8 1
10 1
2 1
0 1
1 1
8 1
12 1
1 1
0 16
12 1
12 1
10 1
0 1
11 1
12 1
1 1
1 1
1 1
1 1
10 1
8 1
12 1
11 1
11 2
12 1
11 1
12 1
12 1
0 1
0 1
1 1
