aa 0 0 0 1
b 1 4 7 1
ction 1 8 14 1
ve 4 13 23 1
d 1 17 29 1
dfavorite 2 21 36 1
odb 2 25 42 1
s 2 29 49 1
lert 1 34 58 1
l 2 38 70 5
nhu 1 58 126 1
imate 2 62 133 1
ome 1 66 143 1
ppname 1 70 150 1
version 3 74 162 1
rray 1 78 170 1
background 0 83 177 1
idu 2 87 183 2
mp 5 95 210 1
wstui 5 100 219 1
eta 1 105 228 1
i 1 109 236 1
g 2 114 244 1
od 1 119 252 1
y 3 123 259 3
ranch 1 136 306 1
ulgarian 1 140 314 1
ytestobstr 1 145 322 1
c 0 149 335 3
allpage 1 161 356 1
dm 1 165 362 3
a 3 177 391 1
ec 1 181 402 1
harset 1 185 409 1
ina 2 189 416 1
ese 4 193 424 1
lass 1 198 432 1
ear 2 203 441 1
timeout 5 207 448 1
ick 2 211 459 1
entheight 3 215 466 1
width 6 219 473 1
os 2 223 480 1
n 1 227 487 3
olor 1 239 515 2
m 2 247 538 5
py 2 267 599 4
right 4 283 633 3
rporation 2 296 658 1
yoo 2 300 666 1
reateobject 1 304 674 1
se 1 308 681 1
t 3 312 688 1
t 1 316 695 1
utpage 1 321 710 1
zech 1 325 723 1
d 0 330 731 1
anish 1 335 745 1
te 2 340 753 2
y 2 349 772 1
obj 3 355 801 1
fweek 4 359 812 1
ecoration 1 364 822 2
im 1 372 844 1
rectories 2 376 851 1
vx 2 380 863 1
ocument 1 385 871 7
utch 1 415 1022 1
e 0 420 1030 2
ls 1 428 1049 1
e 3 432 1060 2
m 1 440 1093 1
ai 2 444 1110 1
l 4 449 1119 1
nd 1 453 1127 1
glish 2 457 1140 1
rr 1 462 1148 1
sp 1 466 1157 1
val 1 471 1165 1
ent 2 475 1179 1
x 1 479 1184 1
it 2 483 1191 1
ternal 2 487 1198 1
false 0 491 1204 3
mily 2 503 1233 1
f 1 507 1245 1
c 2 511 1251 1
las 1 515 1257 1
h 4 519 1265 1
get 5 524 1279 1
oor 2 529 1287 1
ocus 1 533 1298 2
ok 5 541 1327 1
nt 2 545 1341 2
rm 2 553 1364 1
name 4 558 1392 1
rames 1 563 1419 1
ench 2 568 1428 1
ujia 1 573 1436 1
nctio 2 577 1443 1
n 7 581 1453 5
g 0 602 1524 1
ans 1 606 1533 1
b 1 610 1540 1
c 1 614 1547 1
d 1 618 1556 1
erman 1 622 1571 1
t 2 627 1579 1
date 3 632 1591 1
y 5 637 1601 1
elementbyid 3 642 1608 1
httppage 3 646 1627 1
month 3 650 1637 2
stringlength 3 659 1654 1
windowsize 3 663 1663 1
year 3 667 1670 2
omobile 1 676 1684 1
where 2 680 1691 1
s 1 685 1700 1
m 2 689 1708 1
t 1 693 1716 3
uangdon 1 705 1764 1
gao 5 709 1771 1
x 5 713 1776 1
izho 2 717 1783 1
h 0 721 1790 1
aina 1 725 1797 1
ebe 1 729 1804 1
ight 2 733 1811 4
longjia 3 749 1855 1
nan 2 753 1862 1
over 1 757 1869 2
tm 1 765 1881 3
l 3 777 1899 1
url 4 781 1906 1
tp 2 785 1917 2
ube 1 793 1947 1
na 2 797 1954 1
garian 3 801 1961 1
i 0 806 1969 6
c 1 830 2037 2
elandic 2 839 2054 1
p 2 844 2062 1
d 1 849 2070 2
e 1 857 2102 1
go 1 861 2115 1
mgheigh 1 866 2123 1
t 8 870 2134 1
left 3 874 2156 1
right 3 878 2166 1
ndex 1 882 2194 1
it 2 886 2199 1
nerheight 2 890 2209 1
width 5 894 2235 1
str 2 898 2249 1
sempty 1 902 2256 1
goodchar 2 906 2262 1
notinbag 2 910 2271 1
s 3 914 2277 1
talian 1 918 2293 1
jiangs 0 923 2301 1
x 5 927 2308 1
li 2 931 2315 1
l 1 935 2322 1
spdmtb 2 939 2330 1
s 1 943 2338 1
kbaddfavorite 0 947 2344 1
eyword 1 951 2350 1
l 0 955 2357 2
aunchstock 1 963 2372 1
cl 1 967 2377 1
eft 1 972 2391 1
ngth 2 976 2409 1
vel 2 981 2416 1
g 1 985 2423 1
h 1 989 2430 1
iaonin 1 993 2435 1
ne 2 997 2442 2
k 3 1005 2461 1
m 1 1009 2467 1
ocatio 1 1014 2479 1
n 7 1018 2485 3
ginname 2 1030 2521 1
m 0 1034 2532 2
ail 1 1042 2546 1
laysi 2 1046 2554 1
rketing 2 1050 2562 1
th 2 1054 2569 1
x 2 1058 2586 1
enubar 1 1062 2593 2
thod 2 1070 2611 1
id 1 1075 2623 1
l 1 1079 2630 1
m 2 1083 2637 1
m 1 1087 2644 1
obilelist 1 1091 2665 1
de 2 1095 2672 1
nth 2 1099 2679 1
str 5 1104 2689 1
t 2 1108 2696 1
orol 3 1112 2703 1
veto 2 1116 2710 1
p 1 1120 2717 1
eg 2 1125 2729 1
ulti 1 1130 2737 1
yselectvalue 1 1134 2744 1
n 0 1139 2762 2
av 1 1147 2788 1
igator 3 1151 2796 1
bsp 1 1155 2808 7
e 1 1191 4439 1
c 2 1195 4446 2
imengg 2 1203 4460 1
t 2 1207 4467 3
herlands 3 1219 4492 1
scape 3 1224 4500 1
w 2 1228 4512 2
win 3 1237 4538 1
x 2 1241 4556 1
ingxi 1 1245 4563 1
oki 1 1249 4570 1
n 2 1253 4577 2
rwegian 2 1261 4596 1
thin 2 1266 4604 1
s 1 1270 4614 1
ull 1 1274 4622 1
mber 2 1278 4629 1
objstrea 0 1282 4636 1
m 8 1286 4643 1
ffsetheight 1 1291 4670 1
ncontextmenu 1 1295 4681 1
resize 2 1299 4686 1
pe 1 1303 4694 1
n 3 1307 4701 3
window 4 1319 4731 1
p 0 1323 4737 1
age 1 1328 4746 1
x 4 1332 4755 1
offset 5 1336 4766 1
y 4 1340 4776 1
offset 5 1344 4787 1
rent 2 1348 4811 1
seint 3 1353 4820 1
ssword 2 1357 4828 1
gh 1 1361 4842 1
w 2 1365 4853 1
hoto 1 1369 4864 1
ic 1 1373 4871 1
xelleft 2 1378 4899 1
top 5 1382 4911 1
olish 1 1386 4918 1
p 2 1391 4926 1
upwin 3 1395 4932 1
rtuguese 2 1399 4943 1
sition 2 1404 4951 1
t 1 1408 4961 2
v 1 1416 4978 1
x 1 1421 4995 2
q 0 1429 5018 1
ingha 1 1433 5026 1
q 1 1437 5033 2
random 0 1445 5046 1
dir 6 1449 5057 1
eadtext 1 1453 5069 1
loneplayer 3 1457 5076 1
gisteruser 2 1462 5084 1
lative 2 1466 5104 1
oad 3 1470 5110 1
page 6 1474 5118 1
s 6 1478 5132 1
place 2 1482 5140 1
served 2 1486 5149 4
izable 3 1503 5182 2
e 5 1511 5200 1
ponse 3 1515 5208 1
body 8 1519 5215 1
turn 2 1523 5222 3
value 6 1536 5260 1
ight 1 1540 5265 2
s 5 1548 5288 4
numx 1 1565 5321 1
tem 5 1569 5335 1
p 8 1573 5343 1
omenian 1 1577 5351 1
r 1 1582 5359 1
ussian 1 1586 5368 1
screen 0 1591 5376 1
ollbars 3 1595 5388 2
left 6 1603 5409 1
top 6 1607 5419 1
earch 1 1611 5437 1
ealso 2 1617 5467 1
lectedindex 2 1621 5472 1
f 3 1625 5479 1
rver 2 1630 5488 1
t 2 1634 5495 1
timeout 3 1638 5508 1
handon 1 1642 5526 1
x 4 1646 5533 1
ichua 1 1650 5544 1
ngapor 2 1654 5552 1
ze 2 1658 5560 2
plit 1 1666 5579 1
tatus 1 1670 5586 2
ock 2 1678 5604 1
r 2 1682 5614 2
eam 3 1690 5639 1
ing 3 1694 5646 1
yle 2 1698 5654 1
ubstring 1 1703 5688 1
wedish 1 1708 5697 1
taiwa 0 1713 5705 1
c 1 1717 5713 1
l 2 1722 5724 1
d 1 1726 5731 2
e 1 1734 5743 1
lecommunications 2 1739 5752 1
xt 2 1743 5760 2
hailan 1 1751 5782 1
d 7 1755 5790 1
esite 2 1760 5798 1
tit 3 1764 5806 1
reenine 2 1768 5815 1
load 9 1773 5848 1
move 9 1777 5860 1
n 1 1781 5879 1
oday 1 1786 5897 1
olbar 2 1791 5919 2
p 2 1799 5937 3
raditional 1 1811 5988 1
ue 2 1816 5996 3
urkish 1 1829 6027 1
win 1 1834 6035 1
ype 1 1838 6043 1
u 0 1842 6053 1
bound 1 1846 6060 1
nderlin 1 1850 6067 1
ited 2 1854 6073 1
named 2 1858 6081 1
titled 2 1862 6087 1
rl 1 1866 6092 3
ser 1 1878 6132 1
v 0 1883 6141 1
alue 1 1887 6154 2
r 2 1897 6203 2
c 1 1907 6255 1
isited 1 1912 6264 1
o 1 1916 6270 1
wait 0 1921 6279 1
ebmaster 1 1925 6285 1
height 1 1930 6294 1
idth 1 1934 6312 3
n 2 1946 6348 1
dow 3 1950 6356 4
rar 3 1967 6432 1
x 3 1971 6440 1
rite 1 1975 6448 4
stsearch 1 1991 6485 1
width 1 1996 6497 1
w 2 2000 6515 2
xggs 2 2008 6535 1
x 0 2013 6543 4
dir 1 2029 6590 1
ianggan 1 2033 6611 1
njian 2 2037 6619 1
zan 2 2041 6627 1
y 0 2045 6635 1
dir 1 2049 6652 1
e 1 2053 6673 1
ar 2 2058 6684 1
s 2 2063 6696 2
ou 1 2071 6714 1
unna 1 2075 6722 1
zhejian 0 2079 6730 1
ngzhou 3 2083 6738 1
y 1 2087 6746 1
、 0 2091 6757 7
。 0 2121 6968 5
・ 0 2142 7112 4
― 0 2163 7711 1
― 2 2168 7720 1
―――― 4 2172 7730 1
… 0 2177 7739 3
“ 0 2189 7765 5
” 0 2209 7839 6
《 0 2233 7921 3
》 0 2247 8050 3
【 0 2261 8180 2
】 0 2269 8199 2
★ 0 2277 8218 1
★ 2 2282 8236 1
★ 4 2287 8244 1
〓★ 2 2293 8282 1
●■ 0 2298 8290 1
 2 2303 8298 1
◇ 0 2308 8306 1
■ 0 2313 8335 1
● 2 2318 8347 1
■ 2 2323 8355 1
※ 0 2328 8363 1
★ 2 2332 8372 1
→ 0 2337 8380 1
← 0 2341 8388 1
↑ 0 2345 8396 1
↓ 0 2349 8404 1
〓 0 2353 8412 1
２５ 2 2358 8422 1
Ⅳ 0 2363 8430 1
 0 2368 8438 1
 2 2372 8445 1
！ 0 2376 8452 4
（ 0 2393 8574 5
） 0 2413 8646 5
， 0 2433 8711 6
－ 0 2461 9023 3
／ 0 2474 9138 1
８２１１３３２０　　 0 2479 9158 1
２２８０９６ 4 2484 9167 1
３３０９３９ 2 2489 9175 1
７６８６６ 6 2494 9184 1
＝＝＝＝ 16 2499 9198 1
８４５８ 6 2504 9207 1
９７ 6 2509 9226 1
８５５ 10 2514 9235 1
６５４８８８ 4 2519 9243 1
９５１４４８ 4 2524 9252 1
： 0 2529 9269 6
； 0 2555 9413 1
？ 0 2560 9421 3
ＮＥＣ 0 2572 9465 1
｛ 0 2576 9475 1
｝ 0 2581 9494 1
〓 0 2586 9513 1
● 0 2591 9522 1
I★★★ 0 2596 9530 1
啊 0 2601 9538 1
阿 0 2606 9546 1
尔 2 2610 9557 2
克苏 2 2618 9589 1
勒泰 2 2623 9597 1
里 2 2628 9605 1
爱 0 2633 9613 4
情 2 2649 9678 3
人 2 2662 9716 1
鞍山 0 2667 9724 1
安 0 2671 9731 2
徽 2 2680 9747 2
阳 2 2688 9762 1
按 0 2692 9770 1
暗 0 2696 9777 2
奥 0 2705 9793 2
澳门 0 2714 9809 1
吧 0 2718 9816 1
八 0 2723 9825 2
巴 0 2731 9858 1
巴 2 2736 9866 1
拔 0 2741 9874 1
把 0 2745 9884 2
霸权 0 2753 9900 1
爸爸 0 2758 9908 1
白 0 2763 9920 2
城 2 2772 9939 2
金 2 2781 9955 1
酒 2 2786 9963 1
山 2 2791 9971 1
柏 0 2795 9979 1
林 2 2799 9986 1
百 0 2804 9994 3
分之 2 2816 10014 1
年 2 2820 10021 1
万 2 2825 10029 1
富翁 4 2830 10037 1
业 2 2834 10051 1
摆 0 2840 10087 1
搬 0 2844 10096 1
家 2 2850 10140 1
迁 2 2856 10184 1
板 0 2862 10242 1
蓝根 2 2866 10249 1
版 0 2870 10257 4
本 2 2887 10311 2
权 2 2896 10327 5
伴 0 2916 10372 1
办 0 2920 10380 1
公 2 2925 10389 2
室 4 2934 10411 1
理 2 2939 10419 1
邦 0 2944 10428 1
帮助 0 2949 10437 1
榜 0 2954 10449 1
蚌埠 0 2959 10457 1
包 0 2963 10464 2
头 2 2971 10478 1
装 2 2975 10485 2
保 0 2984 10511 1
定 2 2988 10529 2
健 2 2997 10544 1
留 2 3002 10551 1
险 2 3007 10560 1
养 2 3012 10569 1
镖 2 3017 10577 1
宝 0 3022 10585 2
贝 2 3030 10601 2
鸡 2 3039 10617 1
报 0 3043 10625 2
价 2 3051 10641 1
警器 2 3055 10648 1
爆发 0 3060 10657 1
炸 2 3064 10664 1
北海 0 3068 10671 1
京 2 3072 10678 3
市 4 3084 10702 1
倍增 0 3088 10710 1
备 0 3092 10720 1
份 2 3096 10728 1
被 0 3100 10735 1
捕 2 3104 10755 1
本地 0 3108 10766 2
分 2 3116 10789 1
月 2 3120 10796 1
站 2 3125 10804 3
蹦 0 3137 10838 1
比 0 3142 10846 1
例 2 3147 10856 1
币 0 3151 10863 1
编号 0 3155 10873 1
便 0 3159 10880 1
宜 2 3163 10888 1
辨认 0 3168 10896 1
标准 0 3172 10903 2
表明 0 3181 10946 1
示 2 3185 10954 1
态 2 3189 10961 1
别人 0 3193 10975 1
兵法 0 3198 10982 1
团 2 3203 10990 1
冰箱 0 3208 10998 1
病毒 0 3213 11006 2
魔 2 3222 11029 1
并 0 3226 11036 1
且 2 3230 11043 1
播放 0 3234 11050 1
波 0 3239 11058 3
音 2 3251 11089 1
博 0 3256 11098 3
大 2 3268 11122 1
物馆 2 3272 11129 1
伯 0 3277 11137 1
补丁 0 3282 11145 1
不 0 3286 11156 5
大 2 3306 11228 1
过 2 3310 11236 1
堪 2 3314 11243 1
可 2 3318 11250 1
劳而获 2 3322 11257 1
明 2 3326 11263 1
同 2 3330 11270 1
要 2 3334 11276 2
用 2 3343 11290 1
知 2 3347 11297 1
布 0 3351 11304 1
步 0 3355 11311 1
部 0 3360 11320 3
党组 2 3373 11357 1
猜 0 3377 11365 1
猜 2 3383 11419 1
财富 0 3388 11448 1
经 2 3392 11454 1
务 2 3396 11461 1
彩 0 3401 11469 3
电 2 3413 11501 1
绘 2 3418 11509 1
票 2 3423 11518 1
色 2 3427 11526 1
图 2 3432 11562 1
印 2 3436 11589 1
餐饮 0 3441 11601 1
参加 0 3446 11609 1
谋长 2 3450 11631 1
残疾 0 3454 11638 1
灿烂 0 3458 11645 1
沧州 0 3462 11653 1
藏族 0 3467 11661 1
操作台 0 3472 11669 1
草 0 3477 11677 1
策 0 3482 11685 1
测试 0 3486 11692 1
层次 0 3491 11701 1
插件 0 3495 11711 1
茶 0 3499 11719 1
查处 0 3504 11727 1
看 2 3508 11734 2
询 2 3516 11754 4
差价 0 3533 11799 1
拆 0 3537 11806 1
产品 0 3542 11830 4
业部 2 3558 11891 1
颤 0 3562 11899 1
昌 0 3566 11907 1
场 0 3571 11915 1
地 2 3575 11922 1
常 0 3580 11930 2
州 2 3589 11945 2
长春 0 3598 11960 1
度 2 3602 11971 1
短途 2 3606 11977 1
期 2 3611 11986 1
以来 4 3615 11993 1
沙 2 3619 12000 1
途 2 3623 12007 1
治 2 3627 12015 1
厂 0 3632 12023 3
房 2 3644 12072 1
家 2 3649 12081 1
超 0 3654 12090 1
过 2 3659 12098 1
级 2 3663 12105 1
市 2 3667 12112 1
支 2 3672 12120 1
朝 0 3676 12127 1
阳 2 3680 12134 1
潮州 0 3685 12142 1
晨 0 3689 12149 1
陈 0 3694 12158 1
称 0 3698 12166 1
城 0 3702 12183 2
市 2 3710 12198 2
成 0 3720 12238 3
都 2 3732 12264 1
功 2 3736 12272 2
千上万 2 3744 12307 1
人 2 3748 12314 1
熟 2 3753 12326 1
套 2 3758 12334 1
为 2 3763 12342 1
员 2 3767 12360 1
程 0 3771 12368 1
序 2 3776 12375 3
澄 0 3788 12401 1
诚 0 3792 12408 1
聘 2 3797 12422 1
信 2 3802 12447 1
承德 0 3807 12456 2
接 2 3816 12471 1
吃药 0 3821 12480 1
驰 0 3826 12496 1
赤足 0 3830 12503 1
充分 0 3835 12511 1
冲 0 3839 12518 1
击波 2 3844 12526 1
宠物 0 3848 12534 1
愁 0 3853 12546 1
出版 0 3858 12555 1
击 2 3863 12563 1
没 2 3868 12571 1
售 2 3872 12578 1
台 2 3877 12592 1
厨房 0 3881 12599 1
雏鹰 0 3886 12607 1
处女 0 3890 12614 2
在 2 3899 12633 1
传 0 3904 12641 1
播 2 3908 12648 1
导 2 3912 12655 1
奇 2 3916 12663 1
情 2 3920 12687 2
闻 2 3928 12708 1
销 2 3932 12719 1
言 2 3936 12725 1
船长 0 3940 12732 1
窗 0 3945 12740 1
创 0 3950 12754 2
收 2 3959 12778 1
业 2 3963 12789 1
春 0 3968 12800 1
节 2 3972 12814 2
运 2 3981 12829 1
纯收入 0 3985 12836 1
慈 0 3989 12843 1
溪 2 3994 12851 1
此 0 3998 12859 1
处 2 4002 12866 1
刺客 0 4007 12877 1
次 0 4012 12885 2
聪明 0 4020 12902 1
从 0 4024 12910 1
业 2 4029 12919 1
促销 0 4034 12928 1
存 0 4039 12936 1
货 2 4044 12945 1
达 0 4048 12952 4
答案 0 4064 12995 1
打 0 4068 13003 1
开 2 4072 13010 1
造 2 4076 13017 1
折 2 4080 13028 2
大 0 4089 13044 5
案 2 4110 13124 1
城 2 4114 13131 1
多数 2 4119 13139 1
家 2 4123 13147 2
理 2 4131 13165 1
连 2 4135 13173 2
量 2 4143 13187 2
楼 2 4152 13206 1
陆 2 4156 13214 1
片 2 4161 13224 1
庆 2 4166 13231 1
师 2 4170 13238 1
世界 2 4174 13246 1
厅 2 4179 13254 1
同 2 4183 13262 1
侠 2 4187 13270 1
小 2 4191 13277 1
学 2 4196 13290 1
生 4 4200 13299 1
鱼 2 4205 13307 1
丈夫 2 4210 13318 1
致 2 4214 13326 1
众 2 4218 13334 1
呆 0 4223 13342 1
带 0 4228 13350 1
代 0 4232 13357 2
办 2 4240 13376 1
理 2 4245 13384 2
权 4 4253 13428 1
贷款 0 4257 13435 1
待 0 4262 13452 1
业 2 4267 13512 1
逮捕 0 4271 13519 1
丹 0 4275 13526 1
东 2 4279 13533 2
单位 0 4288 13548 1
但 0 4293 13556 1
是 2 4297 13564 1
当 0 4301 13571 1
官 2 4305 13578 1
前 2 4310 13586 1
时 2 4315 13594 1
档案 0 4320 13602 1
导 0 4325 13612 2
航 2 4333 13635 2
到 0 4341 13649 3
位 2 4353 13698 1
道 0 4358 13707 1
德 0 4362 13714 3
阳 2 4374 13744 1
得到 0 4378 13752 2
了 2 4386 13769 1
的 0 4390 13777 7
灯具 0 4421 14088 1
登 0 4426 14096 1
场 2 4430 14103 1
录 2 4434 14110 2
陆 2 4443 14124 1
等 0 4447 14131 1
级 2 4451 14139 1
于 2 4455 14147 1
低 0 4459 14155 1
地 0 4464 14168 1
球 2 4468 14176 1
图 2 4473 14184 2
狱 2 4481 14200 1
址 2 4485 14207 1
第 0 4490 14214 2
二 2 4499 14260 2
一 2 4507 14278 1
弟 0 4511 14285 1
点 0 4515 14293 2
播 2 4523 14318 2
典 0 4531 14335 1
电工 0 4535 14355 1
话 2 4540 14362 2
费 4 4549 14384 1
脑 2 4554 14400 2
器 2 4563 14434 1
视 2 4568 14441 1
剧 4 4572 14448 2
信 2 4581 14471 1
影 2 4586 14480 2
子 2 4594 14498 5
店 0 4614 14546 2
吊装 0 4623 14603 1
调查 0 4628 14612 1
配 2 4632 14620 1
定 0 4637 14631 1
名 2 4641 14648 1
做 2 4645 14655 1
订 0 4650 14664 1
单 2 4655 14676 1
阅 2 4660 14684 1
东 0 4664 14694 3
北 2 4676 14727 1
方 2 4680 14735 1
风 2 4684 14742 2
莞 2 4693 14758 1
动画 0 4697 14765 2
片 4 4705 14795 1
作 2 4710 14810 2
洞 0 4719 14835 1
斗士 0 4724 14843 1
都 0 4729 14853 2
江堰 2 4737 14877 1
毒 0 4741 14885 2
蛇 2 4750 14903 1
独家 0 4755 14911 1
立日 2 4760 14919 1
特 2 4765 14927 1
度 0 4770 14936 1
端 0 4774 14943 2
短 0 4783 14959 2
对 0 4792 15016 4
话 2 4808 15054 1
外 2 4812 15060 2
于 2 4820 15075 1
敦煌 0 4824 15082 1
多 0 4828 15089 6
发性 2 4852 15191 1
角度 2 4856 15199 1
日 2 4861 15208 1
少 2 4865 15215 2
夺 0 4873 15238 1
峨眉山 0 4878 15246 1
恶 0 4882 15254 1
而 0 4886 15261 1
已 2 4890 15268 1
儿童 0 4894 15275 1
尔 0 4899 15286 2
二 0 4908 15305 4
郎 2 4924 15344 1
手 2 4928 15352 2
发 0 4937 15371 2
布 2 4946 15409 1
电厂 2 4951 15433 1
动 2 4955 15441 1
货 2 4960 15449 1
毛 2 4964 15456 1
生 2 4969 15464 1
帖 2 4974 15472 1
现 2 4978 15478 2
者 4 4986 15492 1
展 2 4991 15499 2
法国 0 5000 15516 1
律 2 5005 15527 2
番禺 0 5013 15543 1
翻译 0 5017 15550 1
反 0 5022 15558 1
腐 2 5027 15566 1
击战 2 5031 15573 1
目 2 5036 15581 1
方 0 5040 15588 3
案 2 5052 15615 1
向 2 5057 15623 2
房 0 5066 15639 3
产 2 5078 15670 2
地产 2 5087 15688 1
屋 2 5092 15703 1
防 0 5097 15711 2
病 2 5105 15727 1
潮 2 5109 15734 1
盗 2 5114 15743 1
渗 2 5119 15752 1
水 2 5124 15761 1
治 2 5129 15770 2
访华 0 5137 15786 1
问 2 5141 15793 2
量 4 5150 15809 1
纺织 0 5155 15825 1
放 0 5160 15833 1
菲 0 5164 15848 1
非 0 5168 15855 1
常 2 5172 15875 1
飞 0 5176 15883 2
鸿 2 5184 15910 1
鹰 2 5189 15919 2
肺炎 0 5198 15935 1
费 0 5202 15942 2
城 2 5211 15957 1
分 0 5216 15965 1
公司 2 5220 15974 2
类 2 5229 16009 1
手 2 5234 16030 1
钟 2 5238 16037 1
子 2 5243 16045 1
组 2 5247 16052 1
粉 0 5251 16059 1
份 0 5256 16067 1
丰 0 5260 16074 1
富 2 5265 16082 1
封 0 5270 16090 1
锋 0 5275 16101 2
风 0 5284 16123 2
采 2 5293 16142 1
光 2 5297 16159 1
景区 2 5301 16171 1
险 2 5305 16181 1
疯狂 0 5309 16191 1
佛山 0 5314 16199 1
服 0 5318 16206 1
务 2 5322 16214 6
器 4 5346 16299 1
装 2 5350 16306 1
福 0 5355 16313 1
建 2 5360 16321 2
星 2 5368 16336 1
州 2 5373 16344 1
弗 0 5377 16351 1
辅导班 0 5381 16358 1
腐败 0 5386 16367 1
副 0 5390 16374 2
复制 0 5399 16390 1
付款 0 5404 16398 2
父子 0 5412 16413 1
负责人 0 5416 16424 1
富 0 5420 16431 1
士 2 5424 16438 1
附件 0 5429 16446 1
中 2 5433 16456 1
该 0 5437 16464 1
病 2 5441 16471 1
改 0 5445 16478 2
概率 0 5453 16493 1
干 0 5457 16500 1
甘肃 0 5462 16508 2
省 4 5471 16536 1
感 0 5476 16544 1
到 2 5480 16551 1
敢 0 5484 16561 1
于 2 5488 16568 1
赣州 0 5492 16576 1
钢 0 5497 16584 1
琴 2 5502 16592 1
港 0 5507 16601 2
澳台 2 5516 16617 1
元 2 5520 16625 1
高 0 5524 16632 1
级中学 2 5529 16640 1
价 2 5534 16648 1
考 2 5539 16667 1
速 2 5543 16675 1
校 2 5547 16683 1
血压 2 5552 16691 2
照 2 5560 16715 1
搞 0 5565 16723 1
告知 0 5569 16730 1
状 2 5574 16739 1
哥 0 5578 16750 1
葛 0 5583 16758 1
格 0 5588 16767 1
子 2 5592 16780 1
阁 0 5596 16787 1
个 0 5600 16794 3
人 2 5612 16831 1
各 0 5616 16839 2
地 2 5624 16857 4
国 2 5640 16890 1
类 2 5644 16897 1
位 2 5649 16906 1
种 2 5653 16913 1
给 0 5658 16922 1
根 0 5662 16940 1
据 2 5667 16949 1
治 2 5671 16956 1
跟 0 5676 16972 1
更 0 5680 16979 4
新 2 5696 17053 1
工 0 5701 17071 1
程 2 5706 17079 2
具 2 5716 17125 2
商 2 5725 17141 1
业 2 5730 17176 1
作 2 5735 17184 2
室 4 5743 17203 2
功 0 5752 17225 1
夫 2 5756 17232 1
能 2 5760 17239 1
公 0 5765 17247 1
告 2 5770 17259 2
共 2 5778 17274 1
路 2 5782 17282 1
司 2 5786 17289 5
益 2 5807 17461 1
寓 2 5811 17469 1
园 2 5816 17477 1
弓 0 5821 17485 1
勾 0 5826 17493 1
购 0 5831 17501 1
买 2 5836 17510 2
物 2 5845 17526 1
鼓风机 0 5850 17534 1
古今中外 0 5854 17542 1
骨髓 0 5859 17551 1
谷 0 5863 17559 2
股份 0 5872 17575 1
故事 0 5876 17586 1
瓜子 0 5881 17598 1
怪 0 5886 17606 1
关 0 5890 17613 1
键字 2 5894 17621 1
心 2 5898 17628 1
于 2 5902 17636 1
官方 0 5907 17645 1
冠 0 5911 17654 1
观看 0 5916 17666 1
管 0 5921 17677 1
罐头 0 5926 17685 1
光 0 5931 17693 4
华 2 5948 17761 1
网 2 5953 17770 2
广 0 5961 17811 2
大 2 5969 17830 1
东 2 5973 17837 3
告 2 5986 17860 4
西 2 6003 17945 3
州 2 6016 17968 1
规模 0 6020 17975 1
鬼 0 6024 17982 1
桂林 0 6029 17994 1
柜 0 6033 18001 1
贵阳 0 6038 18009 1
州 2 6042 18016 2
滚动 0 6050 18031 1
郭 0 6054 18038 1
国 0 6058 18045 2
产 2 6067 18067 1
品 4 6072 18076 1
际 2 6076 18083 3
立 2 6088 18121 1
内 2 6092 18132 2
税局 2 6100 18151 1
王 2 6104 18159 1
过 0 6108 18175 1
来 2 6112 18183 1
哈 0 6116 18190 1
尔滨 2 6121 18198 1
佛 2 6125 18205 1
密 2 6129 18212 1
海 0 6134 18220 3
口 2 6147 18242 1
南 2 6151 18249 2
宁 2 6159 18267 1
上 2 6163 18275 1
滩 2 6168 18283 1
域 2 6173 18291 1
害怕 0 6177 18298 1
寒 0 6181 18306 1
悍将 0 6186 18314 1
汉 0 6191 18322 1
口 2 6195 18330 1
字 2 6200 18338 1
杭州 0 6204 18344 2
航 0 6213 18360 1
空 2 6218 18369 2
豪 0 6227 18389 1
好 0 6232 18398 3
不 2 6244 18424 1
日子 2 6248 18431 1
运 2 6253 18439 1
在 2 6258 18450 1
号 0 6263 18458 5
称 2 6283 18521 1
喝酒 0 6288 18529 1
荷 0 6292 18536 1
和 0 6296 18544 6
田 2 6320 18605 1
弦 2 6325 18613 1
何 0 6330 18660 1
合 0 6334 18671 1
并 2 6338 18679 1
法 2 6342 18686 1
肥 2 6346 18692 1
作 2 6350 18699 3
河北 0 6363 18732 3
东 2 6377 18774 1
南 2 6382 18785 3
西 2 6395 18810 1
源 2 6400 18818 1
赫 0 6405 18826 1
贺 0 6409 18834 1
卡 2 6414 18842 1
岁片 2 6418 18849 1
黑 0 6423 18857 2
龙江 2 6432 18873 2
很 0 6440 18888 2
多 2 6448 18908 1
横行 0 6452 18916 1
衡水 0 6456 18923 2
鸿 0 6465 18938 1
图 2 6470 18947 1
运 2 6475 18956 1
宏 0 6480 18964 2
红色 0 6488 18980 1
枣 2 6493 18988 1
吼 0 6498 18998 1
后 0 6503 19009 3
呼和浩特 0 6515 19045 1
胡 0 6519 19052 1
蝴蝶 0 6523 19059 1
湖北 0 6528 19071 3
南 2 6540 19094 2
州 2 6548 19109 1
弧线 0 6553 19117 1
互联网 0 6558 19125 1
户 0 6562 19132 1
花 0 6567 19140 2
都 2 6576 19158 1
华 0 6580 19165 2
尔街 2 6589 19196 1
画 0 6593 19203 1
册 2 6598 19211 1
魂 2 6603 19224 1
质 2 6608 19232 1
划算 0 6613 19240 1
化 0 6617 19247 2
工 2 6626 19263 2
妆 2 6634 19278 1
话费 0 6639 19285 1
淮安 0 6644 19294 1
南 2 6649 19302 1
欢 0 6653 19309 1
迎 2 6658 19317 1
环保 0 6663 19325 1
还 0 6668 19333 2
是 2 6676 19356 1
有 2 6680 19364 1
缓释 0 6685 19383 1
换 0 6689 19391 1
黄 0 6694 19400 2
金 2 6702 19424 1
山 2 6707 19435 1
灰尘 0 6711 19442 1
辉 0 6716 19450 1
回 0 6721 19458 1
报 2 6725 19465 2
收 2 6733 19483 1
慧 0 6738 19502 1
惠州 0 6742 19510 1
会 0 6746 19517 3
计 2 6758 19544 1
员 2 6763 19556 4
汇 0 6779 19628 2
集 2 6787 19642 1
款 2 6792 19651 1
婚礼 0 6796 19658 1
庆 2 6801 19667 1
魂 0 6806 19676 1
活动 0 6811 19684 1
化 2 6815 19691 1
伙 0 6820 19699 1
伴 2 6824 19707 2
火 0 6832 19725 1
车票 2 6837 19737 1
获得 0 6842 19753 1
救 2 6846 19764 1
赔 2 6850 19771 1
或 0 6854 19778 3
者 2 6866 19803 1
货车 0 6870 19810 1
品 2 6875 19818 1
物 2 6879 19825 1
击 0 6884 19834 3
基 0 6896 19863 2
金 2 6904 19883 1
机 0 6908 19890 2
床 2 6917 19969 1
电 2 6922 19977 1
会 2 6927 19984 1
票 2 6931 19998 1
器人 2 6936 20024 1
械 2 6941 20032 2
遇 2 6950 20051 1
积极 0 6954 20058 1
激情 0 6958 20065 1
吉 0 6963 20073 3
林 2 6975 20097 3
省 4 6988 20134 1
隆坡 2 6992 20142 1
祥 2 6996 20150 1
极 0 7001 20158 2
其 2 7009 20173 1
集 0 7013 20180 1
结 2 7019 20222 1
团 2 7023 20229 3
公司 4 7035 20257 1
训 2 7039 20265 1
及 0 7044 20273 2
时 2 7053 20289 1
即 0 7057 20296 1
几 0 7062 20304 2
技术 0 7070 20330 4
剂 0 7086 20376 1
济南 0 7091 20384 1
计算 0 7095 20391 1
机 4 7099 20398 2
器 4 7108 20417 1
记录 0 7112 20424 1
忆 2 7117 20432 1
账 2 7122 20442 1
纪念 0 7127 20454 1
张 4 7132 20463 1
嘉 0 7136 20470 1
宾 2 7140 20478 1
兴 2 7144 20485 2
峪关 2 7153 20501 1
佳 0 7158 20509 2
境 2 7167 20535 1
音 2 7172 20544 1
家 0 7177 20552 3
电 2 7190 20585 1
家 2 7195 20593 1
居 2 7200 20601 1
具 2 7205 20609 1
属 2 7210 20624 1
庭 2 7214 20631 1
用电器 2 7219 20640 1
政 2 7224 20648 1
加 0 7229 20660 1
入 2 7234 20673 3
假 0 7246 20711 1
价 0 7250 20718 1
格 2 7255 20730 4
嫁 0 7271 20765 1
监控 0 7276 20773 1
理 2 7281 20782 1
尖 0 7286 20791 1
兼 0 7291 20799 1
职 2 7296 20807 1
艰苦 0 7301 20815 1
检测 0 7305 20822 1
索 2 7310 20831 2
简介 0 7319 20850 2
见 0 7328 20866 1
件 0 7333 20874 1
健 0 7337 20881 2
康 2 7345 20896 1
舰长 0 7349 20911 1
剑桥 0 7354 20919 1
建 0 7359 20927 3
材 2 7371 20961 1
立 2 7376 20969 1
网 2 7381 20985 3
议 2 7393 21015 2
将 0 7402 21034 1
要 2 7406 21045 1
江苏 0 7410 21052 3
西 2 7423 21088 3
阴 2 7436 21114 1
奖赏 0 7440 21121 2
酱 0 7448 21135 1
降低 0 7453 21143 1
落 2 7457 21150 1
焦点 0 7462 21158 1
作 2 7466 21166 2
交待 0 7475 21182 1
给 2 7479 21189 1
通 2 7483 21196 2
易 2 7492 21211 2
友 2 7500 21227 2
角 0 7509 21242 1
教 0 7513 21249 1
师 2 7518 21257 2
育 2 7526 21272 3
轿车 0 7538 21302 1
接受 0 7543 21311 1
皆 0 7547 21318 1
街 0 7552 21327 1
车 2 7557 21335 1
节省 0 7562 21343 1
杰 0 7567 21359 4
结 0 7583 21395 1
识 2 7587 21402 1
解 0 7592 21410 1
答 2 7597 21419 2
放 2 7605 21432 1
决 2 7610 21448 1
戒 0 7615 21456 1
界 0 7620 21464 1
面 2 7625 21472 1
介绍 0 7629 21479 1
巾 0 7633 21485 1
金 0 7638 21493 2
昌 2 7646 21518 1
华 2 7651 21530 2
卡 2 7660 21546 1
瓶梅 2 7665 21554 1
曲 2 7670 21562 1
融 2 7674 21572 1
今日 0 7679 21580 2
天 2 7688 21596 1
紧急 0 7692 21607 1
张 2 7697 21615 1
锦 0 7701 21623 1
仅 0 7705 21630 2
进入 0 7714 21648 1
行 2 7718 21655 1
一步 2 7723 21662 1
展 2 7727 21670 1
晋 0 7731 21678 1
城 2 7735 21685 1
近海 0 7740 21693 1
京 0 7744 21700 2
惊 0 7753 21715 1
魂 2 7758 21727 1
人 2 7763 21735 1
吓 2 7767 21742 1
精工 0 7772 21750 1
品 2 7777 21759 1
选 2 7781 21766 2
经 0 7789 21780 1
典 2 7794 21788 1
济 2 7798 21799 2
理 2 7807 21815 1
销 2 7812 21824 1
商 4 7816 21831 1
验 2 7821 21840 2
井喷 0 7829 21858 1
警告 0 7833 21867 1
敬请 0 7837 21874 1
镜 0 7842 21883 1
头 2 7846 21890 1
究竟 0 7851 21898 1
久 0 7856 21906 1
九 0 7861 21922 1
江 2 7866 21931 1
寨沟 2 7870 21938 1
酒 0 7874 21946 1
吧 2 7879 21955 1
厂 2 7884 21965 1
店 2 7889 21977 2
泉 2 7897 22003 1
救助 0 7902 22011 1
旧 0 7906 22018 1
货 2 7911 22030 1
就 0 7916 22038 1
此 2 7921 22077 1
是 2 7925 22084 1
业 2 7929 22091 1
拘 0 7934 22099 1
居 0 7938 22110 1
局 0 7943 22122 1
聚 0 7948 22130 2
巨 0 7957 22149 1
大 2 7961 22160 1
人 2 7965 22167 1
具 0 7970 22179 1
备 2 7975 22187 1
剧 0 7979 22194 1
场 2 7984 22201 1
捐助 0 7989 22209 1
卷烟厂 0 7993 22217 1
觉得 0 7997 22225 1
决策 0 8001 22232 1
战 2 8006 22240 1
诀 0 8010 22247 1
均 0 8015 22255 2
军医 0 8023 22271 1
喀什 0 8028 22279 1
卡 0 8033 22287 4
通 2 8050 22371 1
开 0 8055 22380 2
发 2 8064 22427 1
放 2 8069 22439 1
封 2 8073 22446 1
关 2 8077 22453 1
始 2 8081 22460 3
凯 0 8093 22488 1
看 0 8098 22496 2
到 2 8107 22511 1
见 2 8111 22518 1
康 0 8115 22525 3
考前 0 8127 22548 1
生 2 8132 22557 1
试 2 8136 22564 2
题 4 8144 22586 1
柯 0 8148 22594 3
科 0 8161 22621 2
幻片 2 8170 22636 1
技 2 8175 22651 2
可 0 8184 22668 3
靠 2 8196 22695 1
能 2 8200 22702 3
以 2 8212 22724 3
克 0 8224 22757 2
拉玛依 2 8233 22775 2
客 0 8242 22791 1
车 2 8246 22799 1
户 2 8250 22809 5
流 2 8270 22856 1
栈 2 8274 22863 1
空 0 8278 22871 3
调 2 8291 22898 1
间 2 8296 22921 1
恐怖 0 8301 22930 1
慌 2 8306 22941 1
口语 0 8310 22952 1
哭 0 8315 22960 1
苦 0 8319 22969 1
酷 0 8323 22976 1
库 0 8327 22982 1
存 2 8331 22990 1
尔勒 2 8336 22998 1
快 0 8341 23006 1
车 2 8346 23025 1
递 2 8351 23034 3
乐 2 8364 23059 1
宽 0 8368 23067 1
带 2 8372 23075 2
款 0 8381 23101 1
项 2 8385 23108 1
框 0 8389 23115 1
架 2 8394 23126 1
矿产 0 8398 23133 1
奎 0 8403 23141 1
傀儡 0 8408 23149 1
坤 0 8412 23156 1
昆明 0 8416 23164 2
困 0 8424 23179 1
扩展 0 8429 23187 1
张 2 8433 23194 1
拉 0 8438 23202 3
长 2 8451 23249 1
萨 2 8455 23256 1
莱 0 8459 23264 1
来 0 8463 23272 3
到 2 8475 23315 1
电 2 8479 23322 2
源 2 8487 23337 2
蓝 0 8495 23350 1
栏目 0 8500 23358 1
兰 0 8504 23371 1
州 2 8508 23378 1
廊坊 0 8512 23385 1
浪漫 0 8517 23393 1
劳 0 8522 23405 1
老板 0 8527 23413 1
牌 2 8531 23420 1
字号 2 8536 23435 1
佬 0 8541 23457 1
勒 0 8546 23465 1
乐 0 8551 23473 2
山 2 8560 23503 1
园 2 8564 23511 1
类 0 8568 23518 1
似 2 8573 23529 1
泪 0 8577 23536 1
冷 0 8582 23544 1
厘 0 8587 23552 1
理 0 8592 23560 2
念 2 8600 23575 2
李 0 8609 23592 2
礼品 0 8618 23608 1
仪 2 8623 23615 1
丽 0 8628 23623 1
江县 2 8633 23639 1
水 2 8637 23647 2
利 0 8646 23663 3
例子 0 8658 23699 1
立 0 8662 23711 3
即 2 8674 23754 1
粒 0 8679 23763 1
力 0 8683 23776 1
联 0 8688 23784 3
合 2 8700 23814 2
机 2 8710 23867 1
盟 2 8715 23875 2
通 2 8723 23897 1
网 2 8728 23943 1
席会议 2 8733 23951 1
系 2 8737 23958 4
想 2 8753 23996 1
连 0 8758 24026 2
城 2 8767 24042 1
云港 2 8772 24050 1
廉租 0 8776 24057 1
恋 0 8780 24064 1
爱 2 8785 24072 2
粮仓 0 8794 24087 1
食 2 8798 24094 1
凉州 0 8802 24101 1
良 0 8807 24112 1
两 0 8812 24120 2
亮相 0 8822 24164 1
聊 0 8826 24175 1
城 2 8830 24182 1
天 2 8835 24190 2
辽 0 8843 24204 1
宁 2 8847 24212 3
了 0 8860 24238 5
不起 2 8881 24333 1
解 2 8886 24341 1
列表 0 8890 24349 1
车 2 8895 24357 2
裂痕 0 8903 24373 1
猎人 0 8908 24381 1
林 0 8913 24405 2
临海 0 8922 24421 1
沂 2 8926 24429 1
玲 0 8930 24436 1
菱 0 8934 24444 2
铃声 0 8942 24471 2
灵通 0 8951 24557 1
另 0 8955 24565 1
令 0 8960 24574 1
留言 0 8964 24589 2
刘 0 8972 24602 1
流畅 0 8976 24610 1
浪 2 8981 24617 1
六 0 8985 24624 3
龙 0 8997 24649 3
城 2 9010 24675 1
湖 2 9014 24682 1
岩 2 9018 24690 1
隆 0 9022 24697 1
重 2 9026 24705 1
漏 0 9031 24713 1
陆 0 9036 24722 2
旅 0 9044 24737 1
馆 2 9049 24746 1
行社 2 9053 24754 1
游 2 9058 24766 1
绿灯 0 9063 24774 1
色 2 9068 24783 2
轮胎 0 9077 24798 1
伦 0 9082 24806 1
理 2 9086 24817 1
论坛 0 9091 24828 4
罗 0 9108 24901 2
裸 0 9117 24942 1
体 2 9122 24950 1
落 0 9127 24958 1
洛阳 0 9131 24968 2
络 0 9139 24983 3
妈妈 0 9151 25032 1
码 0 9155 25039 4
马 0 9171 25068 2
来西亚 2 9180 25090 1
吗 0 9184 25098 4
买 0 9200 25132 2
卖 0 9208 25159 1
迈 0 9213 25171 1
满 0 9217 25178 1
蔓延 0 9221 25188 1
曼谷 0 9225 25196 1
茂名 0 9229 25204 1
冒险家 0 9233 25211 1
梅花 0 9237 25218 1
没有 0 9242 25226 2
每 0 9250 25244 1
人 2 9254 25255 1
天 2 9258 25262 1
月 2 9262 25269 1
美 0 9266 25276 2
方 2 9275 25310 1
国 2 9279 25317 3
丽 2 9291 25351 1
人 2 9296 25360 1
容 2 9301 25368 2
门 0 9310 25388 1
户 2 9314 25395 1
槛 2 9318 25403 1
面 2 9322 25410 1
盟 0 9327 25421 1
梦 0 9331 25432 2
谜 0 9340 25449 1
米 0 9344 25460 3
秘籍 0 9356 25493 1
密 2 9361 25502 1
蜜桃 0 9366 25510 1
密 0 9371 25518 5
令 2 9391 25554 1
码 2 9396 25562 4
绵阳 0 9413 25603 1
免费 0 9417 25611 6
日 4 9441 25664 1
疫力 2 9446 25673 1
面包车 0 9451 25681 1
民 0 9456 25693 2
航 2 9464 25711 2
勤县 2 9473 25727 1
用 2 9478 25735 1
敏 0 9483 25744 2
明 0 9492 25759 2
星 2 9501 25774 1
名 0 9505 25786 3
称 2 9518 25815 1
义 2 9522 25826 1
命 0 9526 25833 1
名 2 9531 25841 1
模 0 9536 25849 1
版 2 9541 25857 1
摩 0 9546 25865 2
托 2 9555 25880 2
车 4 9564 25921 1
魔 0 9569 25931 1
法 2 9574 25939 1
幻 2 9578 25946 1
莫 0 9583 25954 1
墨盒 0 9588 25963 1
水 2 9593 25972 1
牡丹江 0 9598 25981 1
姆 0 9602 25988 1
目前 0 9606 25995 3
拿破仑 0 9618 26020 1
哪里 0 9623 26028 1
娜 0 9628 26036 1
纳 0 9633 26044 1
南 0 9637 26052 2
昌 2 9646 26076 1
充 2 9650 26083 1
瓜 2 9654 26091 1
海 2 9659 26101 1
韩 2 9663 26108 1
京 2 9668 26117 1
宁 2 9672 26124 3
山 2 9684 26146 1
通 2 9689 26154 1
男女 0 9693 26161 1
友 2 9697 26169 1
脑 0 9701 26176 1
内 0 9706 26184 1
部 2 9711 26193 1
地 2 9715 26199 1
蒙古 2 9719 26206 2
容 2 9727 26221 3
胎 2 9739 26243 1
外资 2 9744 26251 1
忧外患 2 9749 26262 1
能 0 9753 26269 4
够 2 9769 26319 1
妮 0 9774 26326 1
尼 0 9778 26336 1
斯 2 9782 26346 1
你 0 9786 26353 3
年 0 9799 26442 4
成 2 9815 26511 1
代 2 9819 26518 1
检 2 9823 26525 1
前 2 9828 26537 1
念 0 9832 26544 1
娘 0 9836 26551 1
鸟 0 9841 26559 1
您 0 9845 26566 4
宁波 0 9861 26634 1
夏 2 9865 26642 2
牛 0 9873 26657 1
纽约 0 9877 26668 1
农 0 9881 26675 2
业 2 9890 26691 1
努力 0 9895 26699 1
怒海 0 9899 26706 1
女 0 9904 26721 1
人 2 9909 26729 1
侠 2 9914 26737 1
友 2 9918 26745 1
诺基亚 0 9923 26753 2
哦 0 9932 26795 1
欧 0 9937 26804 1
美 2 9942 26816 1
偶像 0 9947 26823 1
拍摄 0 9952 26835 1
排行榜 0 9957 26844 1
牌 0 9962 26853 1
盘锦 0 9966 26860 1
判 0 9970 26867 1
炮火 0 9974 26874 1
培训 0 9979 26882 1
养 2 9984 26900 1
陪 0 9988 26907 1
配件 0 9992 26914 2
喷 0 10001 26930 1
蓬莱 0 10006 26938 1
朋友 0 10010 26945 1
鹏 0 10014 26958 1
城 2 10019 26971 1
批发 0 10024 26983 1
啤酒 0 10029 26992 1
皮革 0 10033 27000 1
篇 0 10038 27008 2
片 0 10047 27027 3
名 2 10060 27097 1
票 0 10065 27105 1
务 2 10070 27113 1
拼命 0 10075 27121 1
频 0 10080 27132 1
频 2 10084 27140 1
贫血 0 10089 27148 1
品牌 0 10093 27156 1
萍 0 10097 27168 1
平 0 10102 27180 1
等 2 10107 27196 1
顶山 2 10111 27204 1
均 2 10115 27212 1
瓶 0 10120 27220 1
评估 0 10125 27228 1
屏 0 10130 27237 1
风 2 10134 27255 1
莆田 0 10139 27264 1
普 0 10143 27271 1
天 2 10148 27342 1
陀 2 10152 27349 1
浦 0 10156 27357 2
谱 0 10164 27381 1
曝 0 10168 27389 1
期 0 10172 27396 1
间 2 10177 27408 1
七 0 10181 27415 1
其 0 10186 27423 1
他 2 10190 27430 2
棋 0 10200 27487 1
盘 2 10204 27494 1
奇 0 10208 27504 1
齐齐哈尔 0 10212 27511 1
起 0 10216 27518 1
源于 2 10221 27527 1
乞讨 0 10225 27534 1
企 0 10229 27541 2
业 2 10238 27558 2
启 0 10247 27595 1
器 0 10252 27604 1
材厂 2 10257 27612 1
械 2 10261 27620 1
汽 0 10266 27629 1
车 2 10271 27637 3
厂 4 10283 27665 1
牵 0 10287 27673 1
千岛湖 0 10291 27681 1
金 2 10295 27689 1
迁 0 10300 27701 1
签 0 10305 27709 2
署 2 10314 27725 1
钱 0 10318 27732 1
前 0 10322 27742 3
潜艇 0 10334 27769 1
枪 0 10338 27776 1
蔷薇 0 10343 27784 1
抢 0 10348 27792 1
眼 2 10352 27800 1
桥 0 10356 27807 1
切割 0 10361 27836 1
侵犯 0 10366 27844 1
秦皇岛 0 10371 27853 1
勤 0 10375 27860 1
青城 0 10380 27868 1
春 2 10384 27875 1
岛 2 10389 27883 2
海 2 10398 27898 2
霉素 2 10406 27913 1
年 2 10410 27921 2
轻松 0 10418 27936 1
易 2 10423 27944 1
清 0 10427 27951 1
晰 2 10431 27958 1
洗 2 10436 27966 1
情 0 10441 27974 1
感 2 10446 27982 1
况 2 10451 27990 1
网 2 10455 27998 1
请 0 10459 28006 4
来 2 10475 28047 1
琼 0 10480 28056 1
秋 0 10484 28064 1
求爱 0 10489 28072 2
购 2 10498 28088 2
区 0 10507 28114 4
曲靖 0 10523 28149 1
驱动 0 10528 28157 1
取得 0 10532 28167 1
去 0 10536 28175 2
年 2 10544 28193 1
泉 0 10548 28200 1
州 2 10553 28208 1
全 0 10557 28215 2
部 2 10566 28235 3
国 2 10578 28256 3
面 2 10590 28283 1
世界 2 10595 28291 1
天 2 10599 28298 1
犬 0 10604 28306 1
却 0 10609 28321 1
染坊 0 10613 28328 1
让 0 10618 28336 3
绕 0 10630 28363 1
热 0 10635 28371 1
点 2 10640 28384 2
电 2 10648 28406 1
门 2 10652 28414 1
线 2 10656 28425 3
人 0 10668 28455 5
才 2 10689 28544 1
生 2 10694 28555 1
士 2 10698 28565 1
寿 2 10702 28572 1
保险 4 10707 28581 1
数 2 10712 28589 1
体 2 10716 28600 1
像 2 10721 28610 1
员 2 10726 28625 2
忍 0 10735 28640 1
任 0 10740 28652 2
认为 0 10749 28669 1
日 0 10754 28678 5
本 2 10774 28741 1
用 2 10778 28748 1
荣 0 10783 28755 1
肉体 0 10787 28765 1
蠕虫 0 10792 28773 1
如 0 10796 28780 2
果 2 10805 28801 2
何 2 10813 28821 3
今 2 10825 28855 1
意 2 10829 28862 1
入会 0 10833 28873 1
费 4 10838 28880 1
门 2 10842 28887 1
软件 0 10847 28896 3
瑞 0 10860 28934 1
安 2 10865 28942 1
润 0 10869 28950 1
若 0 10874 28958 1
萨 0 10878 28965 1
塞 0 10882 28972 1
赛 0 10887 28980 1
三 0 10891 28987 5
大 2 10911 29050 1
门峡 2 10915 29057 1
星 2 10919 29065 2
亚 2 10927 29099 1
散 0 10931 29106 1
桑 0 10935 29113 1
色 0 10939 29120 1
涩 0 10944 29128 1
杀 0 10949 29136 1
煞 0 10953 29144 1
山 0 10958 29152 2
东 2 10967 29168 3
门 2 10980 29202 1
西 2 10984 29210 3
庄 2 10997 29240 1
删除 0 11001 29248 2
陕西 0 11009 29267 3
汕头 0 11022 29293 1
伤 0 11026 29300 1
心地 2 11030 29307 1
商 0 11034 29314 1
场 2 11039 29345 1
城 2 11043 29352 1
店 2 11047 29359 1
机 2 11052 29371 1
家 2 11056 29379 1
旅 2 11060 29386 1
贸 2 11065 29394 1
品 2 11070 29402 3
务 2 11082 29427 2
学院 2 11091 29447 1
业 2 11095 29454 1
网 4 11099 29472 1
上 0 11103 29481 4
海 2 11119 29529 2
市 4 11127 29542 1
好 2 11131 29550 1
门 2 11136 29558 1
饶 2 11141 29570 1
上 2 11146 29578 2
市 2 11155 29594 1
万 2 11159 29601 1
网 2 11163 29608 4
月 2 11179 29641 2
份 4 11187 29656 1
少 0 11191 29663 1
儿 2 11196 29672 1
年 2 11201 29680 1
女 2 11206 29688 1
绍兴 0 11211 29696 1
摄像 0 11215 29704 1
影 2 11220 29713 1
射手 0 11225 29726 1
社会 0 11229 29737 1
区 2 11233 29744 2
设 0 11241 29759 1
备 2 11245 29766 2
计 2 11254 29785 1
置 2 11259 29810 1
申请 0 11263 29817 3
身边 0 11275 29839 1
深 0 11279 29846 1
圳 2 11284 29855 2
市 4 11293 29949 1
神 0 11299 30031 1
话 2 11304 30039 1
州 2 11308 30046 1
沈阳 0 11313 30054 1
甚至 0 11317 30061 1
声 0 11321 30068 1
生 0 11326 30080 1
产 2 11331 30088 1
活 2 11336 30096 2
日 2 11345 30112 1
意 2 11350 30121 1
升 0 11354 30130 1
级 2 11358 30137 3
省内 0 11370 30158 1
盛大 0 11374 30166 1
剩余 0 11378 30173 1
胜 0 11383 30181 1
圣 0 11388 30189 1
师大 0 11393 30199 1
范大学 2 11397 30207 1
失败 0 11401 30215 1
火 2 11405 30224 1
去 2 11409 30231 1
业 2 11414 30239 1
狮 0 11418 30246 1
子座 2 11423 30257 1
施工 0 11427 30268 1
十 0 11432 30282 1
万 2 11436 30299 1
堰 2 11440 30306 2
石 0 11448 30325 1
河子 2 11453 30334 1
家庄 2 11458 30342 2
时 0 11467 30357 2
代 2 11475 30375 2
光 2 11484 30390 1
候 2 11489 30398 2
间 2 11497 30416 1
刻表 2 11501 30423 2
空 2 11509 30444 1
尚 2 11513 30451 1
什么 0 11517 30458 4
食品 0 11533 30487 3
蚀 0 11546 30517 1
实际 0 11550 30525 1
习 2 11554 30533 1
矢 0 11559 30541 1
使 0 11564 30551 1
用 2 11568 30558 3
式 0 11581 30585 2
士 0 11589 30600 1
世界 0 11593 30612 3
事 0 11605 30641 1
故 2 11610 30649 1
务 2 11614 30658 1
是 0 11619 30666 4
否 2 11636 30751 1
市 0 11640 30759 1
场 2 11645 30776 3
内 2 11657 30806 1
室 0 11661 30814 1
视频 0 11665 30821 1
听 2 11669 30833 1
试 0 11673 30840 2
看 2 11681 30856 1
题 2 11686 30863 1
用 2 11690 30871 1
收 0 11695 30879 1
藏 2 11699 30886 3
到 2 11711 30906 1
获 2 11715 30913 1
入 2 11719 30921 1
益 2 11723 30943 1
手 0 11727 30950 1
段 2 11731 30961 1
机 2 11735 30968 4
巾 2 11752 31077 1
首 0 11757 31085 5
次 2 11777 31144 1
饰 2 11781 31159 1
守则 0 11786 31166 1
寿 0 11790 31176 1
授权 0 11795 31184 1
售 0 11800 31192 1
受损 0 11805 31212 1
益者 2 11809 31220 1
枢纽 0 11813 31228 1
输 0 11817 31236 1
入 2 11821 31242 2
舒 0 11829 31261 1
书 0 11834 31269 2
店 2 11843 31284 1
画 2 11848 31292 1
记 2 11852 31299 1
刊 2 11856 31307 1
香 2 11861 31315 1
院 2 11865 31322 1
属 0 11869 31330 1
数 0 11874 31342 1
据 2 11878 31349 4
控 2 11895 31412 1
码 2 11900 31420 1
字 2 11905 31437 1
帅 0 11909 31443 1
双 0 11914 31451 1
辽 2 11918 31462 1
子 2 11922 31473 1
水 0 11926 31484 1
平 2 11931 31496 2
税务 0 11939 31510 1
顺 0 11944 31518 1
德 2 11949 31553 1
利 2 11953 31560 1
说 0 11958 31569 2
明 2 11966 31589 2
斯 0 11974 31603 2
坦福 2 11983 31622 1
思 0 11987 31629 2
私 0 11996 31649 1
司仪 0 12001 31657 1
死 0 12006 31666 2
伤 2 12015 31681 1
亡 2 12019 31688 1
刑 2 12023 31695 1
四 0 12027 31702 3
川 2 12039 31726 2
方 2 12047 31742 1
级 2 12051 31750 1
平 2 12055 31759 1
市 4 12060 31800 1
松 0 12064 31818 3
紧带 2 12076 31860 1
原 2 12081 31868 1
送 0 12085 31876 1
宋体 0 12090 31885 1
搜集 0 12094 31897 1
索 2 12099 31906 2
引擎 4 12107 31923 1
艘 0 12111 31929 1
苏州 0 12115 31936 1
速度 0 12119 31943 1
记 2 12124 31952 1
塑胶 0 12129 31961 1
宿命 0 12134 31969 1
隋唐 0 12139 31977 1
随机 0 12144 31985 1
时 2 12148 31992 1
意 2 12152 31999 1
孙子 0 12156 32006 1
损失 0 12161 32014 1
索 0 12165 32021 1
所有 0 12169 32031 5
他 0 12189 32085 2
们 2 12198 32102 1
它 0 12202 32110 1
塔城 0 12206 32121 1
胎 0 12211 32129 1
台 0 12216 32137 1
独 2 12221 32149 1
湾 2 12225 32156 1
州 2 12229 32164 2
泰 0 12238 32180 1
安 2 12243 32196 1
国 2 12247 32204 1
州 2 12251 32212 1
太极 0 12256 32220 1
原市 2 12260 32230 1
潭 0 12264 32238 1
谈 0 12269 32246 2
叹息 0 12277 32263 1
唐 0 12282 32271 1
山 2 12286 32289 2
涛 0 12295 32304 1
桃色 0 12299 32311 1
套餐 0 12304 32319 1
特 0 12309 32327 4
别 2 12325 32374 1
大 2 12329 32385 1
价 2 12333 32392 1
色 2 12338 32417 1
效 2 12342 32424 1
征 2 12346 32431 1
腾 0 12350 32438 2
提成 0 12358 32453 1
高 2 12362 32460 1
供 2 12367 32468 5
醒 2 12387 32514 1
早 2 12391 32521 1
体现 0 12395 32529 1
育 2 12399 32536 1
天 0 12403 32543 5
秤座 2 12423 32611 1
地 2 12427 32622 3
津 2 12439 32652 2
市 4 12447 32671 1
龙 2 12451 32679 1
气 2 12456 32694 1
数 2 12460 32702 1
堂 2 12465 32710 1
文数字 2 12470 32718 1
下无双 2 12474 32725 2
蝎座 2 12483 32741 1
涯 2 12487 32752 1
祝 2 12491 32764 1
添加 0 12496 32777 1
甜 0 12501 32784 1
条件 0 12506 32792 1
铁 0 12510 32799 1
定 2 12515 32807 1
路 2 12519 32818 1
砂 2 12523 32825 1
庭 0 12528 32833 1
通 0 12533 32850 3
过 2 12546 32911 2
化 2 12554 32929 1
信 2 12558 32937 2
网 4 12566 32956 1
讯 2 12570 32964 2
同 0 12579 32979 1
级 2 12583 32987 1
类 2 12588 32995 1
时 2 12593 33003 1
铜 0 12597 33014 1
童 0 12602 33022 1
年 2 12606 33036 1
统计 0 12610 33044 1
偷 0 12614 33051 1
窥 2 12619 33059 1
投放 0 12624 33067 1
入 2 12629 33076 1
资 2 12633 33088 2
头 0 12641 33109 1
突破 0 12646 33117 2
图 0 12654 33132 2
标 2 12662 33164 2
片 2 12670 33180 2
示 2 12678 33217 1
书 2 12683 33225 2
纸 2 12691 33239 1
涂料 0 12696 33247 1
吐鲁番 0 12701 33255 1
兔子 0 12706 33263 1
推出 0 12710 33270 1
广 2 12714 33281 2
荐 2 12722 33299 1
退款 0 12727 33311 1
学 2 12732 33327 1
屯 0 12736 33338 1
脱 0 12741 33346 1
外 0 12745 33353 1
汇 2 12750 33361 1
科 2 12754 33368 1
胎 2 12759 33376 1
资 2 12764 33384 1
玩 0 12769 33399 2
家 2 12777 33414 1
具 2 12781 33421 2
命 2 12790 33437 1
完 0 12795 33445 1
成 2 12799 33452 1
美 2 12803 33459 1
晚 0 12807 33467 1
会 2 12811 33481 1
万 0 12816 33489 1
元 2 12820 33496 2
王 0 12828 33525 1
网 0 12833 33537 5
吧 2 12854 33626 3
络 2 12866 33651 2
上 2 12874 33677 4
校 2 12891 33756 1
页 2 12895 33764 2
友 2 12903 33780 1
站 2 12907 33787 7
往返 0 12935 33870 1
旺 0 12940 33883 1
忘 0 12944 33894 1
记 2 12949 33902 1
威海 0 12953 33909 1
震 2 12957 33916 1
微型 0 12962 33927 1
韦 0 12967 33936 1
为 0 12972 33944 6
了 2 12996 34010 1
什么 2 13001 34024 1
首 2 13006 34032 1
止 2 13010 34039 1
潍坊 0 13014 34046 2
维 0 13023 34061 1
护 2 13028 34070 1
修 2 13032 34078 1
伟 0 13037 34098 1
业 2 13042 34110 1
未 0 13047 34118 1
来 2 13051 34129 2
味 0 13059 34143 1
位 0 13063 34148 3
点 2 13075 34181 1
卫 0 13079 34189 3
温州 0 13091 34217 2
文 0 13100 34233 1
件 2 13105 34241 1
教 2 13109 34248 1
具 2 13114 34256 1
物 2 13119 34263 1
学 2 13124 34271 1
纹 0 13128 34283 1
稳定 0 13132 34290 1
问 0 13136 34300 2
题 2 13144 34313 1
翁 0 13148 34319 1
我 0 13153 34328 4
国 2 13170 34426 1
们 2 13174 34433 5
乌鲁木齐 0 13194 34482 2
屋 0 13203 34498 2
无 0 13212 34517 3
抵押 2 13224 34543 1
论 2 13229 34552 1
所谓 2 13233 34559 1
锡 2 13237 34567 2
限 2 13246 34582 1
线 2 13250 34593 1
效 2 13255 34601 1
罪 2 13260 34617 1
芜湖 0 13265 34625 1
武汉 0 13269 34632 2
市 4 13278 34682 1
魂 2 13283 34695 1
林 2 13287 34711 1
士 2 13292 34719 1
威 2 13297 34726 1
穴 2 13303 34763 1
夷山 2 13307 34770 1
五 0 13311 34777 3
一 2 13323 34799 1
舞 0 13328 34811 1
物流 0 13333 34819 1
资 2 13338 34827 1
勿 0 13343 34838 1
西 0 13347 34846 2
安 2 13356 34866 2
藏 2 13365 34884 1
德 2 13369 34892 1
关 2 13374 34900 1
门 2 13379 34908 2
吸收 0 13388 34942 1
引 2 13392 34951 1
喜 0 13396 34958 1
剧片 2 13401 34970 2
系列 0 13410 34995 1
统 2 13415 35007 1
细胞 0 13419 35025 2
侠 0 13427 35041 1
下 0 13432 35057 2
岗 2 13440 35090 1
功夫 2 13444 35097 1
降 2 13448 35104 1
棋 2 13452 35111 1
线 2 13456 35117 2
载 2 13464 35132 5
厦 0 13484 35205 1
门 2 13488 35214 1
先 0 13492 35221 1
锋 2 13497 35239 1
鲜花 0 13502 35248 1
贤 0 13507 35260 1
显 0 13511 35268 1
示 2 13515 35279 1
现 0 13519 35286 1
成 2 13524 35295 1
有 2 13528 35302 1
在 2 13533 35310 1
限 0 13538 35319 2
线 0 13546 35337 2
路 2 13555 35352 1
相机 0 13559 35360 1
似 2 13564 35371 1
香 0 13568 35378 1
港 2 13573 35386 2
烟 2 13581 35405 1
箱 0 13585 35412 1
襄樊 0 13590 35420 1
祥 0 13594 35427 1
详细 0 13599 35443 1
想 0 13603 35450 2
项目 0 13612 35472 1
像 0 13617 35481 1
向 0 13622 35488 2
销售 0 13630 35506 2
店 4 13638 35528 1
消 0 13643 35536 1
费 2 13647 35544 1
息 2 13652 35552 1
小 0 13656 35559 5
时 2 13676 35607 2
事 2 13684 35623 1
屋 2 13689 35631 1
心 2 13694 35640 1
肖 0 13698 35648 1
笑 0 13703 35657 1
效应 0 13708 35665 1
鞋 0 13713 35677 1
协 0 13718 35684 1
议 2 13723 35692 1
邪 0 13727 35699 1
写 0 13732 35711 1
真 2 13736 35725 1
字楼 2 13741 35742 1
蟹 0 13746 35758 1
谢 0 13750 35769 1
辛劳 0 13754 35776 1
新 0 13758 35783 5
潮 2 13778 35861 1
传 2 13783 35870 1
房 2 13787 35877 1
华 2 13792 35894 1
欢 2 13797 35903 1
加坡 2 13802 35911 1
疆 2 13806 35921 3
片 2 13820 35976 1
奇 2 13824 35984 1
区 2 13828 35991 1
任 2 13832 35998 1
生事物 2 13837 36006 1
闻 2 13841 36014 4
乡 2 13859 36089 1
政 2 13863 36096 1
心 0 13867 36103 1
得 2 13872 36117 1
脏 2 13876 36123 1
信 0 13880 36131 5
标 2 13901 36264 1
手 2 13905 36273 1
息 2 13909 36279 5
港 4 13929 36344 1
箱 2 13934 36372 2
阳 2 13943 36389 1
星 0 13947 36397 2
级 2 13956 36417 1
期 2 13960 36435 1
球 2 13965 36442 1
座 2 13970 36450 1
兴 0 13974 36458 1
趣 2 13979 36467 1
刑事 0 13983 36474 1
形式 0 13988 36482 1
邢台 0 13992 36489 2
行 0 14001 36504 2
动 2 14009 36518 2
销 2 14017 36537 1
业 2 14021 36544 3
幸福 0 14033 36570 1
运 2 14038 36578 1
性 0 14043 36586 2
兄 0 14052 36603 1
凶恶 0 14056 36611 1
熊 0 14061 36619 1
猫 2 14066 36628 1
休闲 0 14070 36635 1
修复 0 14075 36643 1
改 2 14079 36654 2
需 0 14088 36669 2
求 2 14096 36688 1
要 2 14101 36699 1
须 0 14105 36706 1
徐州 0 14109 36717 2
许昌 0 14118 36732 1
蓄 0 14122 36740 1
续集 0 14127 36748 1
轩 0 14131 36756 1
宣传 0 14135 36761 1
悬 0 14139 36772 1
选 0 14143 36779 1
择 2 14148 36788 2
学 0 14156 36806 1
校 2 14160 36812 2
雪 0 14169 36829 1
域 2 14174 36842 1
血 0 14179 36850 1
寻呼 0 14184 36858 1
求 2 14188 36866 1
巡 0 14192 36873 1
讯 0 14197 36881 1
迅 0 14201 36888 1
压 0 14205 36896 1
力 2 14210 36904 1
抑 2 14214 36911 1
牙 0 14218 36919 1
雅 0 14223 36927 1
安 2 14229 36966 1
亚 0 14233 36974 1
烟台 0 14238 36987 2
盐城 0 14247 37002 1
研究 0 14252 37010 2
延吉 0 14260 37025 1
言归于好 0 14264 37033 1
语 2 14268 37044 2
眼球 0 14276 37065 1
演出 0 14280 37072 1
绎 2 14284 37079 1
员 2 14288 37087 1
央视 0 14293 37095 1
杨 0 14297 37102 3
扬州 0 14310 37125 1
羊 0 14314 37132 1
洋 0 14318 37143 1
阳光 0 14322 37150 3
台 2 14334 37180 1
妖魔 0 14339 37191 1
瑶 0 14343 37201 1
姚 0 14347 37215 1
药业 0 14351 37222 1
要 0 14356 37234 2
不 2 14364 37257 1
求 2 14368 37264 1
野菜 0 14372 37271 1
冶金 0 14377 37279 1
也 0 14382 37287 2
许 2 14390 37305 1
页 0 14394 37315 4
业 0 14410 37348 2
务 2 14419 37368 2
余 2 14428 37412 1
叶 0 14432 37419 1
夜叉 0 14436 37427 1
一 0 14441 37442 5
百 2 14462 37545 1
般 2 14466 37552 1
半 2 14470 37559 1
个 2 14474 37566 2
级 2 14482 37590 1
家 2 14487 37598 1
句话 2 14491 37605 1
流 2 14495 37613 1
切 2 14499 37620 1
审 2 14503 37627 1
生 2 14507 37634 1
站式 2 14511 37641 1
直 2 14516 37650 1
医疗 0 14520 37657 1
药 2 14525 37670 1
伊 0 14530 37678 1
拉克 2 14534 37685 1
犁 2 14538 37696 2
衣服 0 14547 37712 1
移动 0 14551 37719 1
仪 0 14555 37729 2
疑 0 14564 37744 1
问 2 14568 37751 1
宜 0 14573 37758 1
宾 2 14577 37766 1
昌 2 14581 37774 1
已 0 14585 37781 4
经 2 14601 37814 2
以 0 14609 37833 2
后 2 14617 37854 1
上 2 14621 37861 1
为 2 14625 37869 1
下 2 14629 37876 2
艺 0 14637 37905 1
抑郁症 0 14642 37914 1
易 0 14646 37922 2
手 2 14655 37944 1
亿 0 14659 37950 2
意 0 14667 37966 1
义 0 14672 37982 2
乌 2 14681 37997 1
茵 0 14685 38005 1
因 0 14690 38013 1
为 2 14694 38030 1
音 0 14698 38038 1
乐 2 14702 38045 1
像 2 14706 38052 1
阴谋 0 14711 38063 1
银川 0 14716 38071 1
狐 2 14720 38078 1
饮料 0 14725 38086 1
引起 0 14730 38094 1
印刷 0 14734 38101 2
英 0 14743 38120 3
军 2 14756 38144 1
雄传 2 14761 38152 1
语 2 14766 38160 2
鹰 0 14775 38175 2
应 0 14784 38190 1
营销 0 14789 38198 2
养品 2 14797 38214 1
型 4 14802 38222 1
业执照 2 14807 38230 2
迎来 0 14815 38245 1
赢家 0 14819 38252 1
影 0 14823 38260 2
片 2 14832 38290 2
视 2 14841 38308 2
响 2 14850 38332 1
硬化 0 14854 38340 1
拥有 0 14858 38348 1
佣金 0 14862 38369 1
咏 0 14867 38377 2
永 0 14875 38398 2
久 2 14883 38414 1
乐 2 14887 38421 1
用 0 14891 38429 4
户 2 14907 38464 4
名 4 14924 38516 3
品 2 14936 38538 2
幽 0 14945 38555 1
灵 2 14950 38563 1
默 2 14955 38574 1
优 0 14959 38588 1
化 2 14964 38600 1
惠 2 14968 38608 1
邮 0 14973 38616 1
编 2 14978 38626 1
件 2 14982 38634 2
箱 2 14991 38654 1
资 2 14995 38668 1
犹太人 0 14999 38675 1
豫不决 2 15003 38683 1
油轮 0 15007 38691 1
游 0 15011 38698 1
记 2 15016 38706 1
戏 2 15021 38718 4
侠 2 15037 38760 1
有 0 15042 38768 5
的 2 15062 38840 1
点 2 15067 38848 1
限 2 15071 38856 3
公司 4 15083 38892 4
些 2 15100 39002 1
益 2 15104 39010 1
用 2 15108 39018 1
约 2 15112 39025 1
友 0 15117 39037 2
邦 2 15125 39052 1
诱惑 0 15130 39061 1
余 0 15135 39069 1
鱼 0 15139 39076 1
娱乐 0 15143 39087 3
雨 0 15155 39126 1
与 0 15160 39134 5
宇 0 15180 39186 1
语 0 15184 39203 2
言 2 15192 39219 1
音 2 15197 39227 1
羽 0 15201 39234 1
玉 0 15206 39242 1
林 2 15211 39250 1
域名 0 15215 39257 4
遇难 0 15231 39291 1
欲 0 15235 39298 1
望 2 15239 39305 1
预 0 15244 39313 1
测 2 15249 39322 1
定 2 15254 39330 1
订 2 15259 39338 1
防 2 15263 39345 1
付 2 15267 39353 1
计 2 15271 39360 1
豫 0 15275 39367 1
冤家 0 15279 39378 1
元 0 15284 39389 3
人 2 15297 39502 1
袁 0 15301 39512 1
原 0 15305 39523 1
理 2 15310 39534 1
园林 0 15314 39544 1
源 0 15319 39552 2
缘 0 15328 39572 2
岳阳 0 15337 39596 1
粤 0 15341 39603 1
月 0 15346 39612 4
份 2 15362 39685 1
光 2 15366 39692 1
阅读 0 15371 39700 1
云海 0 15375 39707 1
南 2 15380 39715 4
允许 0 15396 39745 1
运 0 15400 39752 1
城 2 15405 39760 1
动 2 15410 39768 2
输 2 15419 39783 2
行 2 15428 39800 2
营 2 15436 39815 1
用 2 15440 39822 1
转 2 15444 39829 1
杂志 0 15448 39836 1
载 0 15453 39844 1
再 0 15458 39853 1
次 2 15462 39860 1
见 2 15466 39867 1
生 2 15471 39875 1
在 0 15476 39883 5
家 2 15497 39975 1
下 2 15501 39993 1
线 2 15506 40002 2
校 2 15515 40019 1
暂 0 15520 40027 1
早 0 15524 40034 1
造成 0 15528 40045 1
型 2 15532 40052 1
责任 0 15536 40059 2
人 4 15545 40083 1
则 0 15549 40090 1
贼 0 15553 40098 1
怎样 0 15558 40106 1
增城 0 15562 40113 1
值 2 15566 40120 1
资 2 15570 40128 1
扎 0 15575 40140 1
诈骗 0 15580 40148 1
宅门 0 15585 40156 1
寨 0 15589 40166 1
詹 0 15594 40174 1
展示 0 15598 40181 1
占领 0 15603 40192 1
战 0 15607 40200 3
舰 2 15620 40230 1
略 2 15625 40238 1
役 2 15629 40245 1
争 2 15634 40253 1
站 0 15639 40271 5
点 2 15659 40326 1
湛江 0 15664 40334 1
漳州 0 15668 40341 1
张 0 15672 40348 2
家港 2 15680 40378 1
界 4 15684 40385 1
口 4 15688 40392 1
掖 2 15693 40400 1
掌 0 15698 40408 2
涨价 0 15707 40423 1
帐 0 15712 40432 2
账号 0 15721 40451 1
务 2 15725 40460 1
招 0 15730 40468 2
牌 2 15739 40485 1
聘 2 15744 40493 1
商 2 15749 40515 2
生 2 15758 40548 1
租 2 15763 40557 1
找回 0 15768 40576 1
照常 0 15773 40584 1
肇庆 0 15777 40591 1
折扣 0 15781 40598 1
哲 0 15786 40607 1
者 0 15790 40614 1
这 0 15795 40626 1
不 2 15799 40633 1
个 2 15803 40640 1
里 2 15807 40655 1
样 2 15811 40671 1
浙江 0 15815 40686 3
真的 0 15828 40725 1
相 2 15832 40732 1
侦缉 0 15836 40738 1
探 2 15841 40746 1
震撼 0 15846 40758 1
镇江 0 15851 40766 1
争 0 15855 40773 1
端 2 15860 40788 1
取 2 15864 40795 1
整个 0 15868 40802 1
正 0 15872 40809 1
版 2 15877 40817 1
规 2 15882 40826 1
面 2 15887 40842 1
确 2 15892 40850 1
在 2 15896 40859 1
政府 0 15900 40866 2
郑 0 15908 40881 1
州 2 15912 40889 2
证 0 15920 40914 2
明 2 15929 40931 1
芝 0 15934 40939 1
支持 0 15938 40950 3
汁 0 15950 40977 1
之 0 15955 40985 5
一 2 15976 41061 1
职业 0 15980 41068 1
直播 0 15984 41075 1
接 2 15989 41083 1
销 2 15993 41090 1
执行 0 15998 41099 1
值 0 16002 41106 1
指甲 0 16007 41114 1
南 2 16012 41123 1
纹图 2 16016 41129 1
只 0 16020 41137 2
要 2 16028 41158 1
有 2 16032 41177 1
纸 0 16036 41184 2
箱 2 16045 41207 1
志 0 16050 41215 1
至 0 16054 41222 1
致 0 16058 41229 1
死 2 16063 41241 1
制 0 16068 41249 1
高点 2 16073 41266 1
品 2 16077 41274 1
作 2 16082 41282 2
智 0 16091 41303 1
能卡 2 16096 41319 1
质 0 16101 41340 1
治疗 0 16106 41355 1
中 0 16110 41363 5
国 2 16130 41424 5
后期 2 16150 41487 1
南 2 16154 41494 1
旗 2 16159 41502 1
山 2 16164 41511 1
文 2 16168 41518 1
戏 2 16173 41527 1
心 2 16177 41538 5
兴 2 16197 41607 1
学 2 16201 41614 2
医 2 16210 41630 1
终于 0 16214 41638 1
种 0 16218 41645 3
重复 0 16230 41672 1
金 2 16234 41679 1
庆 2 16238 41686 2
市 4 16246 41702 1
要 2 16250 41710 1
众 0 16254 41717 2
多 2 16263 41734 1
周 0 16267 41742 2
口 2 16275 41764 1
日 2 16279 41772 1
珠 0 16284 41780 1
海 2 16289 41790 1
株州 0 16293 41797 1
朱 0 16297 41804 1
猪 0 16302 41812 2
诸暨 0 16311 41830 1
主犯 0 16315 41838 1
攻 2 16319 41845 1
题 2 16324 41853 1
席 2 16328 41860 1
要 2 16332 41867 1
助理 0 16336 41874 1
注册 0 16340 41881 6
意 2 16365 41976 2
祝贺 0 16373 41991 1
专 0 16377 41998 2
辑 2 16385 42015 1
兼职 2 16389 42022 1
栏 2 16394 42030 1
利 2 16398 42042 1
卖 2 16403 42053 1
题 2 16408 42061 1
业 2 16412 42071 2
营 2 16420 42112 1
用 2 16425 42120 1
转让 0 16429 42128 1
世 2 16434 42139 1
向 2 16439 42147 1
赚 0 16443 42154 2
钱 2 16451 42187 1
装 0 16456 42231 1
饰 2 16461 42259 1
修 2 16467 42370 1
妆 0 16472 42387 1
准 0 16477 42396 1
咨询 0 16481 42405 2
资费 0 16489 42428 2
格 2 16497 42443 2
金 2 16505 42459 1
料 2 16510 42478 3
淄博 0 16523 42506 2
紫 0 16532 42521 1
仔细 0 16536 42529 1
子 0 16540 42536 2
自 0 16549 42570 3
动 2 16561 42598 1
贡 2 16565 42605 1
己 2 16569 42613 2
杀 2 16577 42635 1
用 2 16581 42642 1
治县 2 16586 42651 1
助 2 16591 42659 1
字符 0 16596 42677 1
母 2 16600 42683 1
踪 0 16604 42689 1
宗 0 16609 42701 1
综艺 0 16614 42709 1
总 0 16619 42720 1
收入 2 16624 42728 1
统 2 16628 42735 1
站 2 16633 42747 1
纵横 0 16637 42759 1
向 2 16642 42768 1
走 0 16646 42776 1
私 2 16650 42783 1
租 0 16654 42790 1
赁 2 16659 42810 1
足不出户 0 16664 42819 1
卒 0 16668 42826 1
组 0 16672 42834 1
建 2 16677 42842 1
装 2 16681 42851 1
钻石 0 16686 42859 1
嘴 0 16691 42867 1
最 0 16696 42875 1
低 2 16700 42892 1
价 4 16704 42900 1
高峰 2 16708 42907 1
后 2 16712 42914 1
新 2 16717 42925 3
罪犯 0 16730 42962 1
昨 0 16735 42970 1
日 2 16739 42977 1
左边 0 16744 42985 1
右 2 16748 42992 1
做 0 16752 42999 2
作 0 16761 43017 2
出 2 16769 43032 1
品 2 16773 43040 1
用 2 16778 43049 1
座 0 16782 43057 1
侏罗纪 0 16787 43096 1
冥 0 16792 43104 1
菀 0 16797 43112 1
奚 0 16802 43120 1
撷 0 16806 43128 1
弋 0 16811 43136 1
哌 0 16816 43144 1
嵊州 0 16820 43152 1
衢州 0 16824 43160 1
浏览 0 16828 43168 2
者 4 16837 43183 1
淇 0 16841 43190 1
漯河 0 16846 43198 1
枸杞 0 16851 43206 1
禧 0 16856 43216 1
o 0 16861 43224 1
蝙蝠 0 16866 43232 1
罂粟 0 16871 43240 1
羯 0 16876 43248 1
霆 0 16880 43255 1
鳌 0 16884 43262 1
