0 135 
0 134 
12 1160 
4 58 
0 137 
1 94 
4 177 
10 1446 
0 57 22 25 
0 1249 
1 87 27 22 1 1545 33 
10 38 3 
11 745 
12 1199 
1 458 
1 167 24 
1 486 
1 1745 109 
1 1857 
11 39 
0 45 
4 208 
12 1073 2 17 39 25 
12 1100 
12 1142 
0 1007 
12 940 
11 306 
4 187 
0 18 
1 158 4 48 6 17 7 1540 3 48 3 
4 42 127 
0 1248 
11 302 
4 154 14 27 
0 989 
3 378 7 
4 1 
1 57 
0 445 
3 111 14 
10 354 719 
0 470 651 
0 598 
4 193 
0 1243 
11 304 
12 1177 
4 164 
1 142 2 2 
8 1 7 
1 163 
1 159 
4 199 
1 1693 
4 75 22 6 
12 1198 
0 39 7 
4 39 10 5 5 7 
0 642 633 
4 0 74 22 113 
10 1771 
11 742 
12 1074 19 39 25 
1 1681 
8 1117 
10 1753 
12 1190 
0 1242 
1 1680 
12 1189 
0 1246 
0 1273 
4 176 
4 194 
4 170 
12 1104 22 20 
4 216 6 3 5 
11 303 
10 23 12 2 3 
11 309 
1 305 
11 9 13 11 
11 16 10 11 3 2 2 2 2 2 2 4 
1 303 4 2 
11 34 23 
0 16 26 
4 51 5 5 11 
4 171 
1 15 25 27 
12 488 
0 67 8 18 7 15 8 5 1163 2 2 
1 86 71 4 48 6 17 7 1475 33 2 8 6 7 9 3 11 2 2 9 7 7 10 3 25 4 9 4 8 
8 6 
9 1 
10 29 
11 54 
12 1076 19 6 5 11 6 14 6 5 
11 307 
0 963 
3 90 245 7 
1 1775 51 
0 73 48 
1 155 25 25 1557 50 57 
3 295 5 68 44 5 
10 1768 
1 1689 
4 152 13 38 
11 310 
4 161 2 
11 311 
1 192 3 1518 
8 3 
1 362 
4 150 
1 93 
0 49 23 26 22 
1 54 27 
8 5 
0 13 13 10 
0 40 
0 47 
1 1504 
12 1122 8 38 
12 501 
1 171 4 7 
0 70 26 22 
1 25 27 27 30 3 
1 2 21 27 27 
0 6 6 7 6 4 6 
4 36 7 
12 1078 19 6 5 11 6 14 6 5 
12 1064 3 15 3 26 3 20 25 
10 21 4 
11 314 
1 489 
4 166 38 
0 52 555 
1 4 24 27 27 15 43 28 22 1552 49 52 
4 151 16 
8 0 
12 1062 
3 502 5 
1 527 
4 157 
3 484 4 
3 450 4 4 6 6 
11 315 
12 1084 29 
11 18 10 
11 36 
1 1748 2 8 38 2 9 
4 153 61 
1 308 
11 15 10 
0 122 5 
1 141 
1 310 
11 12 
0 608 
12 1063 
0 1100 
0 1124 
0 429 1 466 1 
8 422 1 1 72 1 1 41 1 1 
12 418 
1 540 
7 5 
1 634 
1 657 
1 352 
1 665 
1 684 
0 10 13 10 106 
1 22 27 27 30 
4 41 6 
7 9 
1 722 
1 745 
0 38 
4 63 
0 136 
1 36 
7 6 
4 212 
1 30 28 5 
4 155 4 47 
12 1071 18 40 25 
1 767 
1 795 
11 316 
0 993 
1 1496 229 
3 305 
4 220 6 5 
10 43 2 739 10 162 
12 64 586 
0 1260 
10 1786 
11 318 
11 749 
0 1119 
1 125 1 1 16 2 2 17 23 
1 85 3 1608 
10 166 
1 1805 14 
1 1729 1 26 13 16 51 
1 1740 1 
1 1735 1 25 12 16 22 12 17 
2 0 
1 1846 5 
1 154 1601 13 36 14 47 9 
1 151 1710 9 
4 224 
0 99 
0 53 21 
0 55 
1 135 13 50 20 
11 317 
1 818 
1 876 
1 889 
1 1692 
1 1690 
1 56 
1 83 
4 211 
3 127 
11 313 
1 5 
12 1081 93 5 
1 12 35 27 151 5 
10 22 
8 208 
0 572 
0 4 
1 902 
0 9 13 10 
4 40 6 
4 48 
12 1109 42 
1 91 
1 14 25 27 1812 
7 15 
10 47 2 2 2 
0 69 8 18 
0 758 
3 437 
1 1691 
1 1236 
8 209 
1 170 2 2 2 5 2 
0 982 
1 17 25 27 
7 11 
12 1083 29 
4 229 
8 279 
8 210 
1 1844 15 4 4 5 4 4 
0 611 
4 182 
11 13 10 
1 306 
3 129 
3 114 
1 200 
12 1090 77 
12 489 
8 207 
12 1068 18 29 20 
3 530 
10 26 4 1 5 6 671 
1 1849 
1 1744 109 
0 140 10 1 2 1 3 1 3 1 3 1 275 37 1 1 1 1 1 1 1 1 3 3 123 1 24 
1 438 1 1 1 2 1 1 1 2 1 1 1 2 1 1 1 5 1 1 1 2 1 1 1 2 1 1 1 2 1 1 1 2 1 1 1 8 1 1 1 2 1 1 1 2 1 1 1 2 1 1 1 2 1 1 1 2 1 1 1 2 1 1 1 5 1 1 1 2 1 1 1 5 1 1 1 2 1 1 1 2 1 1 1 2 1 1 1 2 1 1 1 2 1 1 1 2 1 1 1 3 1 1 1 2 1 1 1 2 1 1 1 2 1 1 1 2 1 1 1 2 1 1 1 2 1 1 1 2 1 1 1 2 1 1 1 2 1 1 1 2 1 1 1 5 1 1 1 2 1 1 1 2 1 1 1 2 1 1 1 5 1 1 1 5 1 1 1 2 1 1 1 2 1 1 1 6 1 1 1 2 1 1 1 2 1 1 1 2 1 1 1 2 1 1 1 2 1 1 1 2 1 1 1 5 1 1 1 2 1 1 1 2 1 1 1 2 1 1 1 4 1 1 1 2 1 1 1 2 1 1 1 2 1 1 1 5 1 1 1 2 1 1 1 2 1 1 1 2 1 1 1 2 1 1 1 5 1 1 1 2 1 1 1 2 1 1 1 2 1 1 1 5 1 1 1 2 1 1 1 2 1 1 1 2 1 1 1 2 1 1 1 2 1 1 1 2 1 1 1 2 1 1 1 2 1 1 1 2 1 1 1 2 1 1 1 5 1 1 1 2 1 1 1 5 1 1 1 2 1 1 1 5 1 1 1 2 1 1 1 2 1 1 1 2 1 1 1 2 1 1 1 5 1 1 1 2 1 1 1 5 1 1 1 8 1 1 1 2 1 1 1 2 1 1 1 2 1 1 1 2 1 1 1 2 1 1 1 2 1 1 1 2 1 1 1 2 1 1 1 5 1 1 1 2 1 1 1 5 1 1 1 2 1 1 1 5 1 1 1 2 1 1 1 2 1 1 1 2 1 1 1 2 1 1 1 2 1 1 1 2 1 1 1 2 1 1 1 2 1 1 1 2 1 1 1 2 1 1 1 11 1 1 1 2 1 1 1 2 1 1 1 5 1 1 1 5 1 1 1 2 1 1 1 2 1 1 1 5 1 1 1 2 1 1 1 2 1 1 1 2 1 1 1 2 1 1 1 2 1 1 1 3 1 1 1 2 1 1 1 2 1 1 1 2 1 1 1 2 1 1 1 2 1 1 1 2 1 1 1 2 1 1 1 3 1 1 1 2 1 1 1 2 1 1 1 2 1 1 1 2 1 1 1 5 1 1 1 5 1 1 1 5 1 1 1 42 67 1 93 1 50 54 19 122 1 1 1 
4 76 5 17 1 16 20 1 1 1 1 1 1 1 1 1 1 1 1 1 1 
8 160 1 1 38 1 1 71 1 1 20 1 1 44 1 1 30 1 600 1 1 14 1 1 22 1 1 49 1 1 29 1 1 
10 54 1 1 1 1 1 1 7 1 1 501 1 1 370 1 1 375 1 1 417 1 1 
11 385 1 7 1 7 1 7 1 86 40 1 4 1 18 1 1 1 1 1 1 1 10 17 1 17 11 1 11 1 13 1 17 1 18 1 15 1 
12 316 1 8 1 8 1 4 1 6 1 6 1 5 1 5 1 4 1 5 1 5 1 7 1 5 1 5 1 5 1 5 1 7 1 6 1 6 1 5 1 62 1 496 186 3 
3 525 
0 555 
3 529 
1 930 
4 102 
10 1779 
12 1197 
11 308 
1 1746 109 
1 304 1418 
11 8 13 11 6 
1 32 5 14 9 4 14 
4 233 
1 943 
3 248 
0 17 
4 52 5 5 11 
11 319 
4 160 42 
1 1794 
1 110 
4 162 
4 172 
4 174 5 2 2 2 3 2 2 4 2 3 
1 1784 51 
8 7 
1 1866 
4 184 
0 133 477 
1 9 25 28 40 
7 4 
1 98 
10 28 5 
4 213 5 
1 1760 12 
1 202 25 
1 1752 13 
1 204 18 1531 13 36 14 
10 20 4 
1 1856 
0 102 15 8 5 
1 1864 13 
1 1860 13 
1 104 
1 199 7 6 7 5 5 7 7 1469 4 
1 207 30 7 
1 213 
11 320 
1 29 
1 100 8 3 
11 321 
4 67 122 
0 21 10 
4 38 7 
10 774 7 10 198 
0 5 3 3 13 10 
4 65 5 
1 1499 
1 951 
0 988 
8 62 
1 173 4 7 
1 166 3 20 
4 197 
12 487 
0 68 8 18 7 15 8 5 
4 68 
1 1879 
1 1845 23 13 
1 1847 
4 235 1 
0 1251 
1 1684 
11 747 
12 1201 
1 20 25 27 
7 14 
1 1850 
4 238 
4 156 
0 48 2 21 26 22 
1 26 27 27 
12 1162 
8 4 
1 1788 22 12 17 
4 64 
0 1250 
1 1683 
11 746 
12 1200 
1 1718 1 1 4 
1 1731 
1 1721 
11 322 
4 223 9 
11 323 
1 1727 6 5 
1 18 25 27 37 
7 12 
1 211 30 
1 217 17 1547 51 
12 1077 14 5 6 5 11 6 14 6 5 
7 7 
0 612 
10 48 4 
4 175 
4 158 15 27 
1 165 23 1636 17 
1 954 
1 1002 13 
1 1028 
1 1244 
0 7 13 10 
4 37 7 
4 217 
1 16 25 27 
7 16 
1 7 3 14 
0 54 2 
4 219 8 1 6 3 3 
4 178 
1 1723 
1 116 22 1 1578 60 10 13 9 19 10 
10 27 5 
11 324 
1 1086 
12 1172 4 
0 582 
0 28 
4 35 
10 1759 
0 1245 
0 15 26 
4 50 5 5 11 
1 1252 
11 325 
1 89 6 
1 84 12 
1 1751 8 5 7 5 10 13 9 6 7 6 10 
1 1743 142 
1 1774 16 2 33 17 
12 1079 19 22 20 
11 7 4 3 3 3 4 3 4 4 
1 13 25 27 
7 10 
1 11 35 27 147 1558 23 14 14 
4 69 138 3 
10 46 4 
11 305 
0 51 
1 3 24 1825 30 
12 1163 
11 326 
1 1415 
4 180 11 
0 981 
4 221 
0 43 
0 1244 
0 44 
9 0 
1 99 4 
4 205 10 
12 1066 4 18 40 25 8 
12 1173 
0 1000 6 10 
0 78 25 23 5 
12 1069 11 7 12 6 5 6 5 6 9 5 6 5 
1 6 25 28 54 2 2 3 2 2 4 2 2 1579 
12 1065 106 4 3 
10 1079 
4 53 
10 1649 
1 35 
10 1777 
1 119 33 8 61 10 
0 138 
1 21 27 27 30 1623 6 5 
7 8 
1 1478 
0 132 477 404 
1 8 25 28 29 2 9 49 3 222 1351 6 5 17 13 36 14 31 
7 3 
8 2 
0 1005 
1 1508 
0 1292 2 2 
1 1884 
4 186 53 
11 55 
12 1094 39 
1 118 31 7 70 12 
4 94 6 
12 1072 83 
11 741 
1 129 4 60 8 7 
10 34 5 5 
11 345 14 
12 1158 
1 123 55 1 15 34 14 
1 1089 
1 1092 
1 1110 
1 131 3 62 7 11 
1 121 64 1 11 26 12 
10 1770 8 
11 10 9 10 
1 19 25 27 
7 13 
4 95 6 
1 1118 
1 1136 
0 1247 
0 641 633 
0 88 2 799 
1 1315 57 42 22 
4 109 
8 651 4 66 2 286 
10 431 84 5 146 89 7 2 2 37 29 7 4 376 4 3 6 107 132 2 40 2 2 12 8 2 2 11 28 32 117 2 
11 98 5 4 11 5 5 3 424 
12 158 9 11 19 6 5 4 4 5 6 5 7 7 6 7 6 6 6 6 
0 794 160 
1 337 44 19 
4 114 
8 158 36 43 35 22 36 80 42 41 43 25 9 62 11 18 31 23 19 20 62 57 18 14 17 51 16 24 24 27 30 
12 61 5 11 458 526 
0 442 10 11 463 17 42 10 9 8 61 10 10 11 
10 2 3 4 4 51 94 4 3 7 5 6 6 7 10 8 7 7 6 7 6 6 8 6 6 6 9 8 20 6 14 9 6 10 3 8 7 6 9 9 11 6 12 10 9 8 9 9 9 8 10 7 11 12 6 11 7 3 15 8 7 8 5 11 6 9 5 9 9 5 10 8 5 8 7 7 9 19 10 11 6 11 7 10 10 3 7 3 4 11 6 5 6 6 5 4 5 3 7 4 14 9 11 8 3 8 7 13 7 11 8 9 9 7 6 8 5 11 4 6 7 8 8 6 8 5 18 4 6 7 6 3 6 9 11 8 7 5 7 7 7 11 13 12 7 5 9 10 6 9 5 8 6 6 3 7 16 9 9 3 6 6 7 6 8 7 6 8 8 4 6 6 6 5 8 18 5 13 8 6 10 7 12 11 11 12 5 4 10 8 9 13 10 12 12 6 12 9 9 9 10 3 8 11 11 
11 4 421 5 6 8 7 4 5 2 9 7 11 8 3 3 3 3 3 3 3 4 4 17 4 3 3 15 1 1 4 1 1 49 1 1 5 1 1 
12 548 
10 1708 
8 13 183 
10 1199 
1 401 1 
8 148 
12 563 1 
0 218 120 414 220 5 101 29 26 
1 324 6 21 10 
8 115 969 
10 747 
12 1192 
0 221 119 414 219 7 101 29 26 
1 327 5 21 10 
8 159 936 
10 749 
11 530 
12 1196 
0 763 12 11 16 20 16 9 13 23 
1 1377 5 5 20 10 10 15 14 
12 83 5 9 6 4 5 7 6 7 3 6 7 11 9 11 12 7 6 5 4 4 5 6 5 7 7 6 7 6 6 6 6 
0 765 12 11 16 20 16 9 14 24 
1 1379 6 6 19 13 10 14 13 
12 87 5 10 4 5 4 9 3 7 4 7 8 9 11 10 13 6 5 4 4 5 6 5 7 7 6 7 6 6 6 6 6 
1 266 5 4 
10 606 
1 270 4 4 
10 613 
10 287 356 32 27 
10 669 
10 207 39 34 9 303 90 6 331 36 6 311 
10 697 
10 260 
10 652 
1 1331 3 1 3 125 3 1 3 97 4 
10 1741 11 
10 254 
10 197 
8 777 4 
10 636 
0 1047 
0 1044 
0 1038 
0 1041 
10 605 9 
10 213 
12 237 
0 477 
0 632 
0 66 26 22 687 26 
8 18 308 14 23 248 165 86 252 
10 358 1 1 543 1 1 288 1 1 7 2 1 1 52 244 6 1 117 12 65 1 10 1 
12 745 
0 1025 236 
1 328 
8 352 
10 424 721 65 339 101 
11 390 8 8 8 6 63 123 
0 1026 237 
1 333 
8 356 
10 1215 340 98 
11 392 8 8 8 6 63 123 
0 63 22 24 707 132 3 25 156 18 6 11 
1 344 10 16 23 
4 4 3 4 3 4 4 4 4 
8 92 4 31 6 7 29 14 36 7 17 9 6 20 9 24 22 51 6 4 3 4 37 7 11 14 7 5 46 24 4 9 12 14 10 2 18 15 27 13 26 6 4 32 6 10 11 37 28 31 30 17 158 16 18 
10 958 2 4 170 2 361 293 4 3 3 3 4 4 3 3 3 4 3 3 4 
12 49 44 23 12 18 42 101 207 15 9 7 24 6 
1 459 28 3 38 13 94 23 8 19 38 45 28 23 58 13 13 28 13 8 3 48 13 13 58 3 3 18 8 18 100 8 8 
10 497 1270 
12 420 7 
10 475 9 984 205 9 
10 1492 
10 634 
10 1486 
10 1182 7 94 
10 1278 
10 450 17 1124 74 
10 1318 
10 453 
10 1582 
10 472 9 1189 9 
0 142 5 2 57 194 16 221 2 197 122 308 4 
4 88 1 4 11 14 4 6 
8 114 255 3 4 707 
10 146 2 2 832 467 311 2 2 2 3 
11 89 3 
12 80 370 4 4 4 4 5 4 
10 880 
0 256 415 474 
8 106 
11 641 7 18 14 15 16 
3 54 154 
10 443 17 1124 74 
10 445 17 1124 74 
10 1436 
10 645 
10 242 
10 393 
8 85 14 8 
0 567 
3 42 40 114 193 7 7 6 5 
11 250 
11 252 
12 608 
0 556 19 
3 27 154 111 5 5 5 6 4 5 
10 404 1247 
12 612 172 143 
0 502 28 
1 1440 
12 29 66 474 4 102 
12 773 
1 919 
10 103 
12 120 
0 1191 
1 460 
0 1214 
8 149 
1 1430 
12 965 
11 426 
12 542 
1 488 
10 1625 
8 222 
12 200 156 55 168 45 366 
12 633 
12 609 
1 1475 5 
8 578 
10 1616 
12 526 
12 144 474 
0 898 153 
12 380 
1 1678 
11 246 
10 330 
11 532 
1 1671 
0 709 
12 717 
1 1636 
7 0 
8 547 
8 338 
10 244 
12 764 
8 286 577 91 
10 0 3 62 104 404 372 377 466 7 17 
8 176 9 
10 455 2 87 67 29 245 2 346 79 2 2 167 237 
10 217 237 89 341 86 82 179 80 171 132 105 
10 116 103 39 62 128 17 44 79 85 205 95 24 54 326 212 74 
1 291 
1 1555 
0 994 9 8 7 
1 249 2 
11 343 14 
12 345 13 55 22 347 
1 1698 
11 692 
0 1257 
1 1700 
8 1115 
10 1757 
12 1037 16 
1 1584 
10 1212 
10 78 1146 3 
11 137 
10 833 
10 1207 
10 1754 
12 12 7 55 
12 269 
1 480 
8 927 
10 90 
1 942 
10 133 
11 130 312 109 3 
3 233 37 8 67 43 
1 716 
11 193 
10 87 
12 1030 
10 1084 
11 104 
12 777 
1 1623 
10 524 
1 1446 
12 101 
1 1027 
8 249 
10 1442 
3 139 
10 1345 
1 320 
0 237 
1 651 
1 442 
10 1765 
11 154 
0 1179 
8 82 135 
0 1262 
8 707 
0 228 93 31 301 62 
0 250 415 
0 413 610 
1 261 1325 
0 732 
12 460 
4 85 
8 743 
12 73 374 21 535 45 
10 865 
10 323 5 
8 151 
8 325 30 
1 430 
8 1055 
10 349 
8 400 
3 215 3 9 4 28 4 5 62 90 4 4 5 
4 15 4 87 
1 1539 
8 774 
0 234 425 47 
12 45 
12 644 
12 602 
10 531 
1 311 25 1164 
12 823 
0 881 
8 398 
1 394 
12 484 
0 583 
3 49 154 279 4 
12 941 
10 1572 
1 682 
10 1172 
11 254 
0 625 
11 474 
12 543 
1 1483 27 
0 110 
1 1262 12 
8 177 226 465 25 154 
10 387 165 377 374 264 
12 109 
0 1168 
0 795 
0 739 
8 970 
8 72 
1 391 
8 57 
1 385 
12 52 
8 558 
8 938 
0 748 
10 1735 
0 1075 
1 1394 
12 201 156 55 383 5 
0 1090 
12 835 2 3 5 2 3 5 2 3 5 2 3 5 2 3 5 2 3 5 2 3 5 2 3 
12 839 10 10 10 10 10 10 10 
8 30 
1 263 
10 138 
0 439 523 3 
3 58 154 
10 1654 
10 529 
10 1142 
0 1042 
3 241 44 25 26 7 6 30 80 6 38 5 35 
3 239 67 10 122 47 36 7 8 
11 441 111 
10 118 
8 9 509 9 284 34 273 
0 196 
8 735 
1 1521 
11 199 
11 447 
10 667 
12 691 
0 335 
12 1019 
8 204 63 
1 1506 
11 525 
0 211 
4 116 10 7 
10 154 
0 540 2 504 
1 414 5 6 10 
11 333 2 
12 315 
8 610 
10 440 106 335 404 437 
0 1113 
8 618 
10 1177 119 
11 60 19 2 45 20 188 215 152 20 
0 1085 
1 1541 
11 257 
8 933 
10 869 
0 717 
10 683 
1 835 
11 223 
1 896 765 
0 64 
10 1613 
8 713 
0 819 
1 802 
1 1325 
11 290 
1 1632 
10 456 89 341 348 79 171 237 
11 477 15 
10 1420 
10 1217 
12 687 
8 674 
0 996 
10 961 
0 766 
1 247 
11 268 
1 618 
10 1361 
1 1437 
0 246 60 355 82 
0 536 
1 1569 
1 437 873 
12 669 71 14 4 3 6 7 5 12 5 
0 230 425 
8 188 
10 275 
1 1035 
8 45 31 258 550 135 94 
10 1242 9 
8 281 
10 95 1604 
12 696 
10 821 
8 229 56 174 494 
8 1005 
12 59 
1 1489 6 
8 345 
10 1298 
1 577 
10 1147 6 20 
10 811 12 6 273 462 132 
10 1200 
1 696 
11 201 
10 1167 
10 553 377 374 
0 771 
12 673 
8 211 
12 306 
1 1509 
10 97 1522 
10 1035 
11 108 
12 661 
0 312 
10 863 265 5 
0 332 
12 114 
1 331 
0 910 153 
12 336 
12 516 
0 736 
1 343 
1 1538 
0 776 11 46 6 9 13 170 
0 491 
3 22 154 380 
0 245 415 
8 54 
0 734 
12 538 
10 286 962 9 
0 1099 
10 577 480 331 
8 732 254 
10 1243 9 
0 273 413 16 
0 360 
12 832 
0 192 
8 752 
12 952 
1 1204 
8 773 
11 351 14 
12 620 
0 528 
8 389 85 
8 1071 
10 1499 
10 1111 
10 751 
10 1070 
8 560 
0 283 
1 1485 
10 595 148 524 160 
12 634 
1 1358 
0 811 
1 387 
1 1376 78 
0 618 
10 1336 
0 600 
1 1383 5 
3 52 154 18 4 145 28 20 8 112 5 3 
10 750 175 
12 136 126 738 
0 345 
12 104 
8 1025 
8 995 
12 67 224 
1 1135 
0 391 
1 909 
0 289 
10 352 584 
1 1299 
12 94 35 
12 82 
1 739 
0 1015 
10 923 
0 1030 
1 1014 
0 815 
10 295 1110 
8 241 4 
10 901 
12 583 12 
1 1428 
1 1272 
10 968 
12 978 
1 377 
8 364 
10 1439 66 
10 753 
8 23 532 211 
10 284 144 328 5 510 120 157 
0 789 
10 496 702 11 5 
3 219 3 15 5 22 9 13 25 26 13 30 12 7 46 15 6 38 5 17 8 10 
8 722 
0 322 
0 622 
1 924 
11 248 
10 836 
0 1157 
8 968 
8 439 
12 275 
12 477 
12 512 
12 230 6 
0 584 
3 50 154 279 4 
0 179 
1 277 
8 478 109 168 
10 1532 90 114 
12 72 83 9 11 10 
10 1520 
8 939 
0 269 413 
8 88 14 8 
10 678 
1 1085 
8 652 19 
12 75 
8 1057 
0 501 9 10 265 28 12 144 168 25 
1 321 13 32 6 17 1009 47 10 62 26 
4 131 
8 173 7 12 41 17 11 21 24 11 18 15 12 53 88 4 23 44 8 14 21 24 17 33 37 62 15 29 5 11 21 7 4 13 8 5 4 4 4 16 51 9 5 29 19 13 14 
10 1602 16 14 
11 656 17 18 8 18 
12 90 10 149 234 11 19 11 6 9 16 56 6 13 56 15 50 21 15 130 13 75 31 16 
10 102 
8 366 
0 983 
0 141 
11 86 
8 462 
1 1451 
1 1361 
8 1090 
10 430 1121 
0 1173 
12 812 
0 1233 
1 1303 
0 870 
12 65 
8 134 7 
12 156 9 11 10 188 14 18 13 7 367 5 
0 527 
8 128 598 
8 121 
0 1211 
8 441 30 307 
11 349 14 
1 283 
3 39 154 
0 867 13 200 29 26 
11 96 
1 1308 9 371 
11 744 
10 559 359 382 
10 74 440 5 388 256 546 3 
11 97 
10 75 
0 929 
1 1381 
12 41 149 781 
10 1445 
8 934 
12 11 997 
0 1279 
1 341 961 
8 65 
10 106 896 
11 95 644 
4 25 4 5 78 
10 12 141 218 4 8 9 9 1219 81 73 19 6 27 7 
10 1485 
0 1130 
11 65 661 
0 224 24 401 14 
0 859 
10 1220 
10 625 716 
10 155 
0 433 61 
0 605 
3 36 51 103 342 5 
8 739 
1 1647 
0 585 
1 1596 
11 490 
1 572 
1 1505 
3 235 120 31 65 4 93 
12 33 114 590 
1 1405 
12 25 92 464 40 
12 256 
12 319 9 
8 679 319 8 4 
10 1406 
1 1060 
1 339 59 
12 949 
12 658 
11 371 
12 814 
10 1601 
0 311 
0 1022 
11 337 
0 169 267 39 449 
3 10 4 5 37 89 2 5 3 2 3 4 5 41 349 2 
0 1160 
1 1534 15 
8 111 503 
11 712 
8 44 
8 639 
10 845 
8 924 
1 539 
0 187 109 132 94 125 112 136 
1 1393 
8 203 63 578 
10 312 105 310 368 362 
11 495 40 5 19 63 
12 57 
1 1524 
10 1414 
0 784 
8 167 288 488 
11 694 
12 806 
1 1075 
1 325 
8 357 
8 967 
10 94 983 
0 200 381 
12 547 
1 1576 
8 131 
10 476 9 1189 9 
11 45 
1 1574 
10 938 
11 66 661 
10 447 17 145 441 326 212 74 
12 789 
10 307 415 368 207 155 
1 1614 
12 533 
8 598 
10 490 
12 508 
8 55 
0 209 
1 317 
12 62 
10 1332 
12 312 
12 514 14 
1 1651 
10 137 
1 613 
10 141 
12 983 
0 214 
12 813 
0 768 
8 418 
10 1266 
12 580 45 
11 659 
1 1618 
12 723 
0 337 
1 1540 
10 626 543 173 
0 333 
10 72 634 
10 978 31 353 
10 844 
1 1523 
10 104 
1 397 
10 1730 
10 1344 
10 1732 
10 1728 
0 1077 
1 1527 
0 202 
0 1264 
12 449 
12 453 4 4 4 9 
11 127 
8 123 7 7 7 8 
0 603 
0 866 13 200 29 26 
0 1146 
0 516 36 
3 45 24 130 278 
10 1692 
1 1408 
12 126 
0 418 
0 447 
12 303 
12 956 
8 853 7 
0 3 1212 2 2 2 2 2 2 2 27 
1 1706 
10 71 42 310 1392 3 
0 529 
10 488 
0 208 
3 255 
11 511 
8 787 
10 224 
10 768 
12 63 204 
0 697 
12 86 418 229 
0 518 
10 815 199 
1 1 300 1291 68 
1 287 1283 
1 1573 7 
8 866 36 
10 332 
1 567 
0 1268 
0 171 866 234 
1 289 
4 79 7 27 8 
10 112 426 51 39 409 164 81 494 
11 150 
12 1181 
8 699 
10 88 
10 298 
0 1193 
1 491 
12 987 
1 501 
0 724 
10 1115 
0 207 
0 1091 
10 111 
11 476 
8 559 
10 897 
0 265 414 
0 742 
0 535 
10 562 
1 355 16 
1 1649 
0 508 
1 338 
0 348 
1 1339 
8 336 
10 489 
1 529 
11 0 291 146 15 4 7 
11 445 
8 619 
0 1142 9 
8 956 
8 1023 
11 191 
10 888 
10 1317 
0 301 
10 1048 
1 1316 
0 385 
12 492 
10 913 
10 527 327 272 26 
1 1355 
1 1328 
12 808 
1 1526 
10 555 377 374 
12 988 
8 627 
12 1056 
0 255 415 
10 325 
10 1596 
8 122 7 7 7 
8 182 
0 873 
0 210 2 
8 436 173 335 
10 370 21 9 
1 1473 
0 357 815 
8 523 
0 1170 
1 1659 
10 1149 
11 151 
8 230 
10 1208 
0 814 
10 1221 
8 78 411 110 222 
10 1597 
8 238 
10 554 377 374 
8 567 
0 186 109 132 219 248 
8 843 
10 311 15 5 395 368 362 
11 494 40 5 19 63 
12 79 75 9 11 10 
11 110 
0 1286 
10 181 6 7 9 8 54 332 97 350 194 160 
1 1503 
12 499 
10 282 145 332 305 208 118 135 22 
11 144 
0 1082 
8 682 109 
10 1088 282 
12 1195 
8 889 
0 764 
10 418 
10 720 854 
0 893 
1 1295 
1 1323 
0 190 
0 1230 
1 1612 92 
10 182 22 8 6 2 39 35 7 20 128 17 44 88 5 48 23 13 14 127 51 14 60 18 27 25 30 128 7 89 101 26 25 82 24 28 27 74 92 
11 62 319 62 45 123 112 
12 1041 4 
1 1307 
10 583 
12 825 
12 243 
12 647 
10 1154 
0 163 
12 1032 
10 168 
1 1631 
10 1495 
1 1513 
1 1491 
12 649 
1 1603 22 
12 507 450 
11 514 
0 812 
1 1373 
0 415 
0 1169 
12 1184 
0 841 9 
10 567 171 
12 48 244 
10 664 
11 517 
0 780 
8 20 23 265 104 14 4 57 56 37 9 27 29 50 70 
10 663 
11 139 
10 1348 
8 11 397 309 96 5 29 131 126 16 
11 376 
1 1350 
10 976 31 
1 383 
0 1198 
1 542 
11 208 
0 941 50 
8 420 17 6 7 3 
10 8 116 186 5 410 5 363 5 357 5 102 244 13 4 13 
12 1182 
0 1199 
1 636 
11 210 
1 547 
1 319 
12 654 2 7 
1 641 
10 662 
1 664 
0 1202 
1 659 
0 184 
0 534 
0 420 76 591 
10 434 
10 1155 
0 578 
0 235 46 124 140 
1 1314 
10 251 284 
0 264 414 
0 292 111 
1 1309 
1 1594 
8 90 3 4 15 51 
8 1080 
8 492 
12 734 
1 729 
8 240 
11 260 
0 580 
1 578 
12 180 
1 677 
0 456 744 
1 667 
1 1220 
12 525 
12 757 
0 392 
0 1147 
12 748 
12 642 
0 1008 
10 921 
0 91 
1 1143 
11 205 
10 1506 
0 457 
10 536 1037 
10 1381 
0 504 2 7 
8 789 
10 191 
0 512 
10 216 
10 256 62 
11 664 
0 146 490 
1 1313 6 21 136 5 
10 348 1222 
11 751 
12 305 642 
12 536 
0 720 
1 1375 
0 725 370 
1 1386 
8 213 33 338 248 
10 517 
11 617 
12 143 
11 262 
3 245 7 38 30 5 34 82 30 4 5 9 23 3 3 5 16 12 
0 227 425 
1 1581 
0 892 
8 52 
1 465 
0 460 
1 1587 58 
11 71 4 657 4 
0 1183 
1 686 
11 160 22 2 2 6 2 2 2 2 2 
12 588 10 
0 1195 
1 746 
11 265 4 
11 382 
11 209 
1 1579 
12 980 
3 554 
12 131 
11 513 
12 705 
0 1188 
1 724 
0 936 2 
8 630 158 
8 1044 
0 882 
1 721 
11 197 
10 1020 
10 1481 
10 185 
1 1622 
10 684 
12 826 
11 519 4 
12 590 10 
8 187 114 160 115 
10 896 
12 1024 
1 937 
0 203 
12 575 227 
0 1196 
1 769 
10 814 
0 1197 
1 797 
11 221 
12 730 
1 315 
12 294 
0 778 13 
12 919 
1 633 
0 594 494 
10 236 169 395 776 
8 248 
10 129 
10 231 1184 
12 210 
12 495 
8 631 
0 1009 
11 109 
1 1602 
10 99 
10 86 
10 1071 
11 235 
1 485 
12 604 
12 290 
10 105 
8 175 852 19 
10 1566 
8 1041 
11 493 40 5 19 63 
1 1530 
10 1521 
0 223 24 401 14 
8 737 
12 42 723 
1 470 
12 931 
10 578 
8 881 
0 818 
8 358 503 
10 528 327 82 190 
1 1490 
1 588 
0 729 
8 264 184 
12 1058 
10 848 262 
8 34 348 78 4 57 33 3 77 133 
10 171 404 372 377 310 
11 85 2 6 
12 17 
0 626 
8 586 
10 1494 
8 491 
10 1475 
10 1467 
12 648 
1 432 
10 340 
1 1583 
0 767 
1 1588 58 
12 169 215 
10 804 777 107 
8 858 254 
0 397 
0 328 
1 329 
8 686 
11 344 14 
8 625 
10 840 
8 262 
10 1610 
8 442 30 
11 350 14 
12 714 
8 86 14 8 
10 1402 
0 381 
3 80 9 131 3 15 5 22 9 13 25 26 13 30 12 7 7 39 15 6 38 5 17 8 10 
10 819 324 
10 858 
10 98 
8 733 92 163 
10 623 715 153 78 10 108 
10 174 
1 1598 21 
11 143 
8 997 
8 919 
12 683 
1 1531 
10 585 
11 258 
0 1187 
1 245 646 10 688 74 
11 245 
1 1702 
1 1243 
10 672 
8 348 
10 866 
8 231 
12 157 9 11 10 165 12 11 14 6 12 14 7 13 
0 424 
4 129 
10 1032 
11 484 123 
1 1638 
10 413 
1 1357 
11 113 
1 395 
12 921 
8 256 20 159 111 
11 657 
0 465 769 
3 93 
10 1783 
11 70 476 37 8 140 
10 656 
1 966 
8 535 
1 421 939 
11 378 
1 378 
12 311 
12 627 4 
10 757 684 
10 1078 
0 495 
1 1449 
0 538 
1 1179 
11 219 
11 417 
0 588 
10 506 125 363 65 
10 1132 
10 699 
0 875 
10 507 25 463 91 
12 950 
10 437 
10 600 
11 141 
10 79 862 189 
0 327 
10 1157 
11 105 
10 114 922 
10 549 1176 
1 272 
8 49 251 206 236 360 
10 1630 
0 745 
10 304 722 
1 1273 
3 143 
8 640 
10 429 1121 
12 605 
10 1003 
10 1239 
12 666 
10 868 
10 902 
0 810 
10 1707 
10 149 
11 63 661 
0 1231 
11 685 
12 662 
8 930 
0 590 
1 1371 
1 265 19 1184 
12 556 
11 598 
4 105 
10 15 1352 414 28 
11 670 
10 101 
11 391 8 8 8 6 
4 9 
10 1832 
11 638 5 10 61 
1 1694 
12 481 16 
8 263 594 
0 805 
0 1190 
1 820 
11 163 59 2 6 2 2 2 
0 1194 
1 878 
11 190 48 
1 875 
0 807 
8 105 
11 508 
0 341 
12 707 
1 1469 
0 1224 
11 270 
0 288 
8 553 
0 370 
11 133 
8 271 
10 1010 
0 173 
10 142 
8 476 
10 408 
1 295 
10 916 
1 264 1342 
8 913 
10 139 34 
10 1156 
8 907 
12 1038 
12 976 
12 948 
10 560 359 382 
0 276 413 
1 1397 
10 1368 
12 540 
0 884 
12 559 
10 1598 
8 33 
12 76 
12 710 5 5 4 3 
10 500 
12 991 
12 323 
0 844 
8 25 
10 491 
0 624 4 273 153 
1 1634 
11 292 103 
1 1158 
11 207 
10 959 
12 341 
3 38 154 
10 136 
0 1039 
12 452 
8 288 750 
12 743 
0 1149 
0 204 
10 1560 
12 1016 
8 463 
12 56 
0 1076 
1 1561 
0 832 
11 229 
0 314 
0 356 
11 748 
12 286 378 
12 674 
8 191 
12 651 
10 1174 
3 149 
8 71 
10 156 
12 338 
1 1380 19 
10 421 
11 582 
10 1237 
8 628 
10 1150 
8 39 851 
10 767 
0 317 7 
1 312 
12 1031 
0 940 
10 735 
11 663 
10 269 643 129 
10 1593 
1 888 
1 1080 
10 1599 
10 807 3 
11 450 4 5 
1 433 859 
10 581 43 716 
11 411 
0 358 
10 940 189 
10 525 
8 156 146 145 146 12 204 142 81 57 19 
0 798 
8 532 
10 859 
0 229 425 
10 201 447 
11 296 
0 505 
10 1354 40 
0 906 153 
8 361 
10 452 858 
11 116 
0 968 
12 96 
12 781 
0 1111 
1 1616 
0 960 
10 873 
0 215 
12 219 
8 705 
12 1010 
12 562 
11 282 
0 568 46 
1 1487 6 
3 43 33 7 114 193 7 7 6 5 
10 357 416 2 5 2 3 5 2 3 162 6 25 2 
10 1123 
4 24 4 5 78 
10 11 358 5 8 8 9 317 905 152 19 
11 469 115 
0 837 
1 761 
3 406 
0 449 350 
8 1052 
10 1501 
10 237 
1 1564 
12 10 
8 468 
0 932 
0 587 
1 1169 
10 826 
10 1114 
1 429 
1 418 5 929 
10 1113 
1 1362 
0 514 
10 742 
12 151 249 
0 589 
10 908 
12 34 543 224 
0 1280 
10 1713 
1 367 1155 
8 170 
10 343 
8 711 
0 698 
1 1548 
8 952 
8 467 17 326 
11 704 
12 71 419 
11 427 
12 541 8 
1 1104 
11 264 
0 1267 
1 1326 3 
0 1021 
8 562 11 27 
10 1775 
11 336 
12 1180 
0 193 
1 1271 
0 113 
10 817 690 
12 923 
10 530 18 106 229 841 
10 1290 
12 27 618 
0 1143 12 
10 410 
0 947 5 
8 748 
8 69 
1 1363 
10 108 
11 272 
10 1196 327 31 74 
10 1448 
0 432 
10 1411 
12 1170 
1 1421 
0 1035 
1 1336 10 128 5 
12 1018 
0 760 
8 575 
10 1246 9 
0 461 
11 101 
11 276 
0 531 
1 1438 
1 1125 
3 101 
10 502 
1 358 
12 522 
0 549 
3 26 154 149 5 7 7 6 4 9 5 5 7 
12 545 
3 363 
1 1117 
1 1624 
0 374 256 
8 270 51 302 
10 257 62 1305 5 
8 290 
3 281 
12 657 
1 390 
8 31 
12 819 
1 1333 9 24 
0 749 
1 534 
11 203 
12 248 371 
12 550 
0 719 
10 610 61 703 
10 433 11 17 1124 74 
12 979 
11 529 
10 508 93 48 347 400 
11 255 
1 1045 
8 872 
12 36 795 
1 388 
12 916 
12 708 
12 614 
8 365 
12 817 
10 1604 
11 631 
1 1395 
12 273 
10 91 
10 127 
10 708 756 188 
1 1130 
1 1199 
11 217 
0 553 76 
3 46 24 130 278 
10 1329 
4 117 10 7 
0 557 19 
3 28 154 111 5 5 5 6 4 5 
8 698 
12 1059 
8 125 7 7 8 
11 440 
0 1027 147 38 
8 74 
10 1577 
1 1601 
11 2 337 14 14 16 5 8 8 8 6 242 16 6 6 8 11 
10 801 
3 563 
10 1743 3 2 3 
0 1 167 276 10 17 507 56 38 22 11 66 5 33 44 
10 521 
0 197 
0 1240 
8 569 
11 83 660 
12 20 1166 
3 48 154 296 1 2 5 5 3 3 3 2 
1 1396 
12 788 
12 218 
1 865 
0 336 
12 974 
1 1443 
12 98 
8 172 
8 168 
11 588 27 
12 750 
0 890 
10 6 302 5 410 5 363 5 357 5 346 17 
0 700 275 
1 405 
11 181 
0 175 
8 833 
1 1673 
0 1186 
1 904 
11 247 20 
0 800 130 4 
1 318 
8 95 71 23 26 76 188 129 123 233 20 36 14 26 26 6 
11 671 
12 110 450 490 
12 616 
8 1048 
11 328 
0 1048 
1 1304 
12 628 
12 741 14 7 6 7 5 12 5 
11 581 
12 348 
1 1194 
1 991 
1 1450 
0 571 
3 31 154 242 5 4 4 
0 488 10 
3 4 129 39 44 30 7 7 31 5 25 5 5 29 4 54 7 9 8 30 4 5 16 3 13 3 3 5 7 9 12 
1 1658 
10 1146 
0 261 414 465 
1 290 
8 80 
1 1448 
12 47 
0 364 
0 310 661 
8 146 
11 53 
10 163 
11 433 
12 416 8 
0 627 
1 1577 
1 526 
1 1533 
10 492 
10 1733 
8 367 
10 160 
10 1693 
1 1270 
10 252 285 
10 122 
10 1105 
0 298 
11 467 
11 428 
0 277 413 
12 37 877 
0 174 
1 302 
3 2 60 3 3 5 4 4 5 5 3 3 3 3 3 2 5 3 2 3 2 5 3 
8 37 11 8 
0 548 
3 25 154 149 5 7 7 6 4 5 4 5 5 7 
12 369 
12 932 
0 779 13 
0 1222 
1 756 
0 1285 
8 12 397 309 96 5 29 131 126 16 
11 377 
0 949 
1 410 
8 371 
11 91 
12 296 
11 481 116 7 
12 261 
1 1238 
0 1144 
8 960 
10 402 
11 679 31 
8 564 58 258 
10 1568 122 
10 350 214 
0 199 
8 153 33 
0 1138 
1 1259 
1 583 
8 870 
12 229 
0 1164 
8 865 27 
8 851 151 
8 385 
8 801 
8 319 
0 195 239 
10 199 93 143 257 703 
0 287 
8 221 18 44 794 
10 1640 
12 444 
10 1498 
12 690 
0 426 
10 121 1512 
0 886 
0 1177 
0 339 
10 831 31 
0 1175 38 
10 1015 
12 280 
0 231 425 
8 87 14 8 17 48 
11 279 
12 224 
10 1496 
12 954 
12 695 
0 728 
1 409 
8 370 
11 90 
12 295 
12 778 
0 108 40 12 478 
10 147 
11 299 
12 300 
1 1040 
3 151 
4 2 3 3 15 8 
8 61 2 
10 1706 
11 705 
12 13 
10 1262 
10 339 
10 838 301 
8 324 30 
11 457 
0 189 
10 1488 
11 431 
10 1168 
0 515 
12 344 
0 423 
10 691 
1 255 1198 
1 322 37 
11 88 
12 149 249 
1 364 929 
8 597 
12 807 
10 874 
12 688 
11 327 
0 916 
11 112 
0 547 
3 24 154 149 5 7 7 6 4 5 4 5 5 7 
11 498 3 
12 804 
0 998 
12 113 
10 1034 
10 1557 
10 1558 
1 734 
0 284 
0 1131 
1 313 
8 647 46 
12 517 
11 665 
12 121 
0 1238 
10 208 716 
12 152 249 
1 883 
1 1070 
11 507 3 
1 623 
10 1648 
1 825 
1 646 
10 61 
11 211 
10 954 
1 855 
1 1432 
0 727 
10 329 
12 1026 
8 36 
0 713 
0 1185 
1 932 
1 404 
4 87 
12 1015 
11 499 
10 1527 7 
0 772 
0 111 168 413 
8 404 567 103 
10 632 
11 120 554 
12 46 
0 723 27 
0 562 12 
0 623 
0 500 427 6 
8 446 12 25 7 12 11 16 39 3 24 9 9 236 25 51 21 9 7 7 82 3 53 
10 395 1082 
0 369 4 5 
1 420 934 
8 257 483 16 
12 510 331 10 10 10 10 10 10 10 
8 888 
8 224 
10 1514 26 
8 277 
0 874 
12 446 
0 503 
0 1141 
8 298 485 10 6 23 5 108 47 
10 499 770 171 177 
12 51 1000 
1 1148 
0 1205 
1 945 
0 902 153 
8 247 
10 110 
11 135 
11 590 
8 332 
12 84 418 229 
12 699 
12 936 
1 1409 
12 689 
0 550 
3 23 154 37 3 4 5 4 4 2 4 4 3 4 3 
10 1637 
12 567 112 
12 81 
12 571 110 
10 1080 
12 1165 
0 579 
1 929 
0 353 
12 729 
10 140 711 9 305 
8 915 
0 718 
10 736 
11 114 
10 128 
1 996 
8 517 9 203 
10 249 1152 
10 263 628 
10 1559 
1 1637 
11 129 
0 845 9 
12 324 9 
1 1406 35 
10 1600 
12 26 2 2 2 6 2 78 22 430 4 8 40 24 30 28 211 30 
12 592 
10 802 
10 123 
12 585 11 
0 1036 
12 532 
1 1565 
0 544 2 85 
12 192 239 
10 305 722 497 
8 1000 
0 1218 
12 473 
10 335 
10 1011 
3 232 37 8 67 43 
10 1222 
1 516 
8 10 9 23 265 100 4 14 4 57 56 37 9 27 29 50 22 48 48 5 29 131 126 16 
0 604 
1 1209 
0 554 
3 47 24 130 278 
1 1557 
0 716 
12 606 147 
0 361 
12 995 
0 313 
0 294 36 12 13 12 10 9 259 49 13 14 14 12 15 
12 39 905 
8 181 
8 119 36 
0 858 
1 744 
10 1438 
8 220 
0 365 
10 1031 
11 293 
10 1291 
11 332 10 82 204 9 5 10 64 
10 1360 
12 485 
1 1641 
10 1331 
11 111 
1 1324 
10 73 1033 
11 504 
1 1629 
0 1097 
1 1215 
12 566 112 
10 876 
1 1459 
12 694 
0 458 
8 27 387 
0 726 
8 378 
12 1 4 1189 
0 308 
12 790 
12 972 
8 1056 
0 937 
11 341 14 14 293 16 12 8 11 
12 933 
12 1049 
1 701 
11 458 
0 864 
12 684 
1 961 
11 179 
0 1206 
1 953 
1 1547 
1 1269 
8 736 
10 376 
8 606 
0 349 
12 493 
10 655 
12 287 
12 139 
0 1139 
1 1656 
0 58 22 25 514 
1 426 
8 379 
12 50 971 
12 1054 
1 1403 
11 580 
1 1457 
12 692 
10 797 40 300 
11 77 661 
1 1312 6 
8 465 
11 589 27 
12 15 
11 227 
1 1488 6 
1 1559 
0 878 112 
8 942 
0 309 
11 280 
1 506 
10 406 339 
12 368 
0 401 
8 184 
12 22 
1 1359 
8 648 16 
10 1609 
12 660 
8 259 
10 412 
12 160 212 32 
8 359 
12 137 
0 262 414 
8 826 
10 1450 
10 503 
10 563 1126 
0 180 251 698 
1 431 
1 1609 
0 539 234 
0 1269 
1 1607 45 2 
10 1351 
0 240 2 152 2 
1 1422 
8 29 255 383 351 8 19 
10 991 
12 451 4 4 4 4 9 3 50 106 186 138 
11 72 661 
8 58 863 
8 885 
10 1101 
10 827 
0 372 893 
10 338 3 
10 783 10 172 
0 366 
10 849 
12 171 215 
0 1089 
10 1476 
12 1047 
0 305 530 
8 758 
10 1261 
11 41 
12 843 10 10 10 10 10 10 10 
3 119 
10 85 
0 421 76 
12 700 
1 335 
10 1641 
12 350 678 
8 612 349 
12 1046 
1 1563 
8 40 
10 306 415 368 362 
8 227 
0 143 490 
12 18 
8 508 
10 1264 
0 1032 
1 399 18 1047 13 5 16 
11 99 
12 544 
1 1235 
11 466 
8 391 
0 282 
12 546 
0 425 
0 319 246 5 707 
3 30 154 242 5 4 4 
8 135 281 
11 47 
12 799 
0 219 
0 1228 
0 551 
3 0 51 9 3 47 30 65 214 4 
1 672 
0 507 
0 602 
12 920 
12 926 
1 1502 
12 810 
1 1210 
12 709 
0 1189 
1 956 
11 157 15 2 2 2 2 
1 1572 
0 1184 
1 1004 
11 188 40 61 
1 1575 
8 396 
12 1027 33 
0 1204 
1 1017 
11 240 3 
1 552 
0 243 
0 946 
11 340 14 14 5 288 16 12 8 11 
0 617 
0 178 
10 1802 27 
8 1058 
0 621 
10 627 
10 619 
8 551 
10 70 
11 76 661 
10 409 657 
11 356 
8 242 
4 12 8 58 5 8 28 
4 16 91 
0 280 413 235 11 
1 316 
8 120 627 322 
12 929 
1 447 
3 98 
0 1180 
10 192 
10 853 428 
11 239 
1 1458 
12 693 
0 302 
8 322 
1 276 
8 806 23 
10 356 
11 629 
8 662 
12 464 
8 751 
12 1001 
11 599 
12 977 
12 934 
1 1163 
10 1470 
10 125 1291 
0 914 153 
0 409 
1 254 
10 161 
1 267 
10 820 47 
11 544 
10 126 99 14 479 666 33 
0 999 
1 1321 
8 488 
11 82 
8 293 
10 1047 
1 557 
10 175 9 14 24 7 14 19 19 306 20 30 33 15 29 176 77 8 9 98 147 106 18 27 33 6 188 154 
10 178 12 25 20 13 7 13 22 7 20 188 88 53 44 8 251 44 13 34 16 7 310 20 32 37 18 
12 268 
8 329 
10 617 
1 914 
8 842 
12 665 298 
12 739 
10 660 
0 1163 
12 955 
10 1469 
8 896 8 
0 304 
1 396 
3 67 
10 518 
0 1208 
0 856 
12 308 
10 816 
12 318 9 
1 1648 
1 1590 
8 963 9 
0 393 
12 629 
8 795 
12 589 10 
0 909 153 
10 895 289 7 
8 145 78 653 11 
8 859 
1 789 
10 906 805 
10 1175 
11 274 
1 691 
11 183 
8 444 37 
12 697 
0 469 
12 519 
12 961 
0 511 
8 1031 19 
8 807 
0 1049 
1 1305 22 3 
0 467 
1 256 
0 953 
8 104 
11 647 
12 69 
0 299 
10 109 
11 117 317 34 
1 1545 
8 1035 
10 850 
12 321 9 
8 280 
0 964 
11 330 
12 482 538 
8 419 
10 582 
1 1413 222 
0 862 
8 910 158 25 
12 829 
12 250 
0 318 7 
10 760 
0 251 415 78 
1 347 1072 
8 328 9 23 115 163 8 34 189 14 26 8 82 8 4 
12 486 66 370 
8 51 2 
11 473 106 8 27 
8 216 845 
10 526 
11 67 661 
1 1322 
1 407 
1 282 1055 
1 259 
0 450 
8 957 2 
12 14 
1 1356 
11 706 
0 363 
1 273 
8 50 
10 96 
8 572 
1 1597 
8 451 3 77 3 139 168 
0 383 
0 733 365 
8 235 
0 474 19 48 2 70 
3 1 2 3 3 4 48 3 2 6 3 10 7 3 4 3 2 3 5 3 2 3 2 4 4 2 3 3 3 1 2 15 4 8 2 
10 1075 
12 133 
10 419 
0 271 32 288 93 
3 34 154 302 4 
8 427 
11 5 53 661 
12 8 
0 233 142 283 
10 93 
8 35 348 
12 981 
11 372 
10 580 130 270 442 
1 1516 
8 1012 
1 1298 
8 94 
0 59 22 25 
1 427 
12 361 
10 81 
12 381 
10 926 
1 257 
0 1092 
10 232 
0 872 
1 1351 
12 1011 28 
8 886 
0 1115 
1 1685 
8 704 
11 3 149 3 3 3 3 3 3 214 5 8 8 8 6 264 
10 857 
10 77 491 165 6 
0 89 
12 263 
0 921 148 
1 1591 22 
0 904 153 
12 254 574 
0 919 
1 422 
10 763 
10 446 17 78 45 463 326 212 74 56 
1 598 
10 1230 
0 957 
8 28 85 966 
8 21 
11 331 
0 201 
12 632 184 
8 244 
10 911 416 
12 343 
10 533 
10 1472 
0 395 
12 752 
0 371 
0 241 
0 354 
8 138 4 
11 49 
12 794 
0 1201 
1 1030 
0 1283 
8 511 9 
1 0 286 1307 2 5 5 3 7 12 3 3 6 3 25 38 
1 1296 5 5 311 4 
0 559 
3 32 154 257 5 4 4 6 6 5 
10 1087 
10 798 
1 1676 
10 1072 
0 14 13 10 
12 1013 
0 399 
4 13 107 
4 84 
0 388 
1 830 
10 1553 
10 1164 
10 100 
12 786 
12 205 
1 365 
8 466 
1 386 
12 643 
8 965 
0 561 12 
0 1258 
1 1701 
8 703 413 
10 1744 5 9 
12 1006 28 8 
10 1595 
12 558 
8 1022 
8 289 691 
11 284 
11 505 
10 665 560 
8 697 
1 1088 
1 1189 
11 215 
10 705 120 503 
1 1001 
1 1254 
11 237 
0 865 23 
1 1009 
11 432 
0 272 413 
8 26 
12 964 
3 53 154 335 5 3 
1 711 
11 185 
0 205 
12 935 
10 384 
0 569 
3 44 40 114 193 7 7 6 5 
8 550 
12 735 
0 537 480 
0 316 
10 622 715 152 89 68 40 
1 262 
3 249 
1 346 
0 986 
1 1484 
8 509 
10 337 
4 90 
8 730 253 
10 1606 
11 655 
12 491 513 
1 382 
1 1529 
8 212 
0 407 
1 406 
8 1101 10 
10 291 
11 439 26 15 116 7 
12 257 65 116 34 337 
0 912 153 
1 296 4 
3 16 150 
10 977 31 
1 452 1201 
3 124 
0 1181 
12 199 156 55 
0 1040 
12 309 
12 928 
8 193 
1 1378 
12 214 
0 913 153 
1 1420 235 
11 446 7 11 
11 80 
12 924 
0 970 
12 967 
0 278 413 
0 188 
12 636 
10 470 9 1189 9 
0 781 
1 280 1065 127 
10 4 15 44 107 353 51 372 16 361 473 
1 340 
8 499 169 
1 1669 
0 586 
1 1297 406 
0 1284 
10 76 
11 125 
1 1418 
12 738 
11 700 
8 700 135 
12 969 
0 253 415 69 
1 1519 
8 469 
12 603 
12 938 
12 1183 
8 879 15 6 
0 382 
8 351 503 95 
12 615 
8 769 
12 726 
0 846 9 
3 225 4 145 21 7 20 8 
1 373 6 
3 256 
0 487 
3 7 129 38 127 68 39 5 34 46 
11 329 
8 66 
10 922 
10 661 
11 491 
11 288 
0 997 
1 1364 28 
8 38 
11 149 443 
11 147 276 
10 557 377 374 
0 260 414 
11 277 
0 753 
10 407 
0 380 
12 561 
11 502 
10 1518 12 12 
8 830 
11 115 
0 826 
10 107 
12 601 
12 626 
8 178 
8 690 
0 1001 
0 274 413 16 
12 833 
0 329 
0 1112 
8 17 182 571 68 287 
12 182 150 
0 1101 77 
1 279 1065 127 15 6 
3 78 
10 1 17 134 12 465 375 63 367 266 89 9 27 
12 3 4 
1 297 
8 688 
10 1742 3 
8 81 124 63 819 
10 1447 
4 27 5 78 
8 1039 
10 10 52 105 201 5 8 8 9 971 105 149 149 19 10 27 
12 1012 
1 1650 
8 504 
12 1166 
8 500 
0 1232 
1 1644 
4 6 118 6 
8 310 8 114 228 10 
10 157 1590 3 
11 148 524 
12 1164 
10 1490 118 
0 270 413 
12 108 
0 159 
1 981 
12 578 45 
10 1138 
10 677 
0 86 26 599 
1 323 27 6 4 
8 719 262 
10 498 770 
11 651 
12 500 
12 44 10 467 
11 640 
1 268 
8 759 
1 971 
11 175 
10 1594 
0 1290 
10 117 321 75 1197 
10 324 837 
10 618 
0 285 420 
0 473 
8 255 
7 1 
1 428 
8 516 9 238 241 
10 1737 
1 1546 
1 1370 
10 344 
12 274 541 
1 1153 
11 213 
10 950 
1 369 
11 138 
10 80 
11 475 
1 299 1049 
0 533 
8 650 60 
0 950 
8 98 
8 32 
10 1355 
0 931 28 202 
8 79 37 
10 365 
12 142 468 75 86 63 2 2 6 2 2 6 2 2 6 2 2 6 2 2 6 2 2 6 2 2 6 2 2 
0 368 
0 1241 
8 292 
10 1631 
11 84 
12 21 1036 128 2 
1 1099 
11 242 
10 612 29 
12 655 
8 901 
10 1245 9 
12 613 
10 1213 
8 797 
0 1166 
1 845 
11 225 
0 472 507 
10 355 
10 556 377 374 
12 939 
1 475 
1 774 
10 495 121 294 90 117 230 12 50 22 267 65 
10 1104 222 
0 803 6 14 197 
12 123 
12 91 
11 1 369 4 13 51 34 7 99 8 16 11 68 
1 794 
1 511 
8 875 
11 51 
12 997 
10 748 937 
12 445 
10 132 
11 64 661 
0 1153 
10 159 548 
12 975 
1 1022 
11 241 3 
1 1112 
11 528 
12 999 
0 563 
3 40 154 63 4 5 5 4 4 4 5 
8 515 9 
0 755 
10 639 238 
1 1426 
12 24 560 3 4 3 
10 746 910 
8 24 371 314 111 
1 1514 
10 342 
12 194 239 563 
0 560 
3 33 154 257 5 4 4 6 6 5 
8 720 
8 749 
0 376 
8 91 
8 512 
12 313 
0 177 807 40 9 
1 1465 42 4 
3 5 3 126 3 
11 338 9 5 9 5 
12 60 438 516 
0 593 2 
1 496 
10 894 134 155 7 
10 1001 
10 92 1318 
0 1239 
0 601 391 
3 282 
10 1504 
8 304 
10 346 
10 1500 
1 1263 12 
8 386 
1 1347 
12 58 
1 1640 
10 734 10 
1 380 
12 937 
0 379 
1 1091 333 
8 928 
11 298 
1 784 
10 299 416 404 
1 403 
0 523 
10 366 20 2 8 
10 1236 
10 82 
0 286 820 
8 485 
8 537 
10 353 1291 3 
10 176 
1 1544 
12 310 
0 746 
0 521 423 11 
1 1657 
3 394 
8 349 550 
12 918 
8 804 
12 1025 
12 105 
10 1017 
0 1159 
10 1366 
12 667 
12 576 227 
10 89 
10 274 
0 462 
12 670 1 1 
3 18 150 390 
12 351 12 31 46 
10 458 384 473 
0 907 153 
0 695 
8 856 
0 464 2 2 128 161 
1 412 953 195 
10 939 237 250 216 
11 375 255 
12 607 387 
10 1074 
0 857 
10 473 9 1189 9 
10 1100 
10 638 
1 1246 5 
0 1207 
1 1094 
11 169 80 2 2 3 3 2 2 8 2 2 3 3 2 2 2 
1 1416 
8 549 
0 830 
12 554 
8 1042 
0 167 14 1 3 108 105 4 2 2 2 2 2 2 24 2 204 185 
1 252 
11 69 661 
12 951 
1 766 
0 334 
12 337 12 90 
8 46 
1 1518 
0 170 267 39 49 33 19 15 333 
1 292 
3 11 4 5 9 6 2 20 2 87 2 5 3 5 4 5 13 6 2 20 2 81 5 5 5 6 4 5 209 5 22 2 
10 426 1120 
12 1055 
3 491 4 
3 88 
0 291 752 31 10 
1 285 139 
3 158 
10 66 85 212 1450 3 
12 1169 
1 246 1416 2 2 2 2 2 3 2 2 
0 1272 
10 1292 
0 1220 
0 770 
12 279 41 9 
1 1261 3 1 1 1 1 
11 30 
12 827 
0 1050 
10 1021 
8 620 
12 234 
8 269 
1 706 
11 187 
0 871 
8 157 
8 1036 17 
12 985 
8 234 
4 123 
10 422 
11 68 661 
12 960 
12 537 
10 1432 
12 925 
0 1210 
12 746 
10 1085 
0 599 
11 124 
1 1497 18 
0 155 
12 297 
8 313 34 
12 1029 
11 73 661 
8 948 
0 967 187 
1 850 
11 233 
0 1216 
12 302 
1 1390 
7 2 
8 315 431 
0 782 
10 1478 
0 620 
1 436 824 
8 83 
10 1349 
11 601 
10 550 1176 
11 449 
12 820 
0 1127 
8 725 
12 640 
0 987 
1 1435 
10 818 
0 740 
0 1152 
12 970 
10 200 9 61 199 9 116 53 735 81 204 9 
1 1055 
10 1030 130 
1 976 
11 177 
11 231 
1 1558 
8 251 
1 1665 
0 266 414 
0 490 
3 21 154 380 
0 756 
0 714 
1 1439 
12 593 
0 701 
0 347 
1 1401 
12 342 
1 840 
0 899 153 
0 566 
1 1520 
10 1179 7 89 
12 225 
10 1247 9 
0 853 23 
0 254 415 69 
0 422 
11 482 123 
0 1158 
8 103 460 377 
8 165 
8 581 
11 516 
11 100 
0 797 
8 522 107 
8 782 10 
1 269 
8 428 
11 6 53 661 
12 9 
10 951 
11 136 158 
0 448 11 507 8 140 2 2 2 3 3 2 
1 281 1405 
8 985 
1 1578 
12 161 212 32 
0 258 129 285 79 
8 124 264 85 313 66 74 3 3 26 45 97 10 
10 17 330 68 72 1247 
11 43 
12 223 490 249 
8 339 
8 637 
8 179 
1 357 
8 171 19 613 21 
12 822 
0 793 
8 1082 
8 911 
8 678 
0 351 
8 937 
10 1270 
0 820 
10 120 1210 
11 102 
0 435 
0 236 181 
1 1109 
11 286 
8 931 
0 1122 3 
0 891 
11 140 
0 783 
12 70 
1 1528 
1 1065 
1 779 
0 238 
8 665 96 
11 713 
12 469 
8 228 556 
11 669 
0 817 
8 265 329 39 
8 402 
1 1697 
8 164 
1 1277 2 2 2 2 2 2 2 
8 519 
10 1058 
1 1535 
10 1197 
12 0 4 1189 
3 79 
0 343 41 
8 73 
10 542 500 676 
0 885 
12 998 
1 1174 
12 393 
0 226 26 399 16 
8 1021 
3 250 
1 258 
12 1035 9 
12 766 
1 950 
12 982 
11 119 
0 730 
10 131 99 
11 106 
0 1237 
1 1568 
11 573 
12 553 
12 206 
1 250 
11 600 
1 326 
12 706 
11 645 
8 206 
10 1603 
10 679 
11 531 
8 657 
10 754 
0 191 
8 1008 
10 569 171 
12 170 25 190 49 
1 1400 
12 23 20 
0 172 873 
12 2 4 1001 
0 1165 
1 1525 
8 303 393 141 248 6 
12 314 
1 1374 
10 425 1120 
1 1168 
10 608 
8 305 
0 1096 
1 1695 
8 624 317 
11 675 
12 293 
0 61 22 24 
1 288 6 90 29 2 
11 346 2 12 2 
12 301 
1 408 
8 368 
10 145 
10 1433 
11 142 
12 378 
12 653 15 
3 55 95 4 55 
10 303 722 
0 1014 
11 718 
11 295 2 
1 1311 
1 342 6 44 
11 740 
0 144 20 470 
8 585 
8 1078 
8 1029 
0 389 
12 379 
12 568 112 
0 176 598 54 191 10 
1 260 
8 831 
10 83 
12 639 
1 1552 
8 434 15 96 111 10 40 56 23 17 
10 1012 623 
11 693 
12 68 410 
10 377 
0 1148 
1 1610 
10 719 614 
11 379 107 123 
0 1254 27 6 
1 1599 5 16 6 
10 188 7 32 13 26 6 6 261 51 30 22 53 127 223 63 12 237 7 21 14 
11 429 6 35 115 
8 1017 
1 1536 
0 290 
12 572 110 
0 1278 
3 109 
10 1083 
12 942 
8 684 
0 922 148 
0 222 22 13 10 144 232 
1 253 
10 119 
12 958 
0 455 276 558 
1 374 
8 89 766 
11 545 
12 122 663 
0 225 24 401 14 
1 248 
10 1263 
11 300 
3 553 
12 749 
12 242 
1 656 
1 1320 
4 3 18 71 
8 64 
10 1289 
0 326 
8 724 
12 946 
10 1069 
10 872 
10 805 
1 434 
1 1553 
0 446 
8 253 
0 831 428 
12 586 11 
1 1276 2 2 2 2 2 2 2 
8 480 53 142 78 124 46 22 5 16 
10 7 302 5 66 344 5 363 5 47 97 9 38 6 143 17 5 346 17 13 
8 323 30 
0 268 413 
12 1040 3 
8 84 134 
10 134 
1 293 1381 
11 121 
10 1016 
12 244 37 712 
1 817 
10 1785 
0 834 
8 15 182 475 85 83 283 
10 1260 
12 255 587 10 10 10 10 10 10 10 
8 741 
12 638 
8 381 
12 241 
0 1203 
1 1120 
3 74 
11 226 
8 654 
10 250 
11 189 
10 84 
11 122 
10 1611 
11 134 
8 714 
12 470 
0 451 
8 214 
8 701 
10 233 
12 1023 
8 405 
0 699 
12 770 
12 992 
0 300 90 127 291 
1 314 
8 118 136 203 44 180 6 58 27 56 165 31 4 15 
10 334 33 30 
12 509 
8 14 300 371 437 
12 1022 
10 1643 
12 480 
10 900 
0 877 
8 1099 10 
0 239 
0 761 
1 1611 
11 380 107 123 
0 320 
1 1412 
12 181 
8 798 
1 628 
0 1117 
10 1516 22 
11 527 
12 984 
1 1384 5 
11 618 
0 722 
11 61 661 
8 1059 
0 869 
1 1431 
12 719 41 206 
12 531 
0 216 
12 518 
12 31 503 169 33 
0 359 
4 10 7 91 
8 70 
10 16 1766 28 
11 639 5 10 61 
11 571 
1 608 
1 521 
0 263 156 105 153 31 
1 1369 
1 870 
1 812 
11 195 
11 403 
0 532 
12 637 
10 1571 
0 145 490 
12 304 
0 62 22 
10 765 
0 1236 
10 1148 
10 130 
10 144 218 537 15 13 
10 143 350 164 464 3 
11 74 661 
10 1350 
10 834 12 289 567 
12 299 
0 362 
1 603 
10 1636 
0 526 
12 172 215 
8 677 
8 327 
8 150 194 325 
8 779 85 42 88 
8 602 221 258 
0 1192 
1 1138 
11 166 38 2 6 2 2 2 2 
0 935 
8 68 
12 235 
12 150 249 
10 327 
1 860 
12 85 418 229 
0 796 
0 712 
8 154 
12 515 
12 1033 
10 436 533 311 
12 367 
0 60 22 
8 794 
1 1643 
8 653 
1 1411 
0 2 329 924 21 6 
1 751 
10 1787 
11 750 
12 702 
0 606 104 
0 821 414 
8 510 
10 1784 
11 521 
0 868 
1 1429 
8 683 
10 285 
12 659 52 5 2 3 4 3 14 14 3 4 6 7 7 28 7 155 
8 236 
8 727 
12 744 
8 566 
10 1218 
1 368 
12 307 
10 1141 
8 60 
1 1556 
8 312 34 601 
12 53 
8 117 214 183 286 
8 898 
0 259 414 
11 132 424 
11 548 
8 738 
8 260 
10 276 842 
12 652 
10 772 7 10 198 
8 1063 
11 145 
0 1288 
10 226 1069 
10 566 171 652 
10 277 493 7 10 198 
10 205 97 722 
1 1542 
0 519 423 
1 1349 95 107 
8 505 184 107 
10 565 1126 
12 99 
0 0 213 84 10 136 10 799 
1 1343 
4 77 5 
10 1444 
11 301 160 
8 225 
10 179 
10 1695 
1 593 
10 1162 
0 232 425 
0 183 
3 12 150 
4 80 
10 711 270 57 385 
11 153 3 3 3 3 3 3 422 91 
0 597 
10 915 
11 619 
1 1562 
0 790 
8 417 131 
10 416 
11 658 
8 392 
0 806 
0 315 8 
1 457 
0 1182 
8 232 
0 1028 
10 1755 
1 1452 
0 275 413 81 
1 1434 
0 1226 
10 411 
12 417 8 
1 562 
1 807 
12 392 
0 945 11 
12 989 
1 1184 
0 346 
12 722 
1 349 
0 198 
1 345 
0 704 
0 152 850 8 
1 411 
8 22 37 240 78 10 6 13 25 63 286 
10 283 782 208 239 14 2 8 
11 94 
12 16 
8 375 
11 646 
8 775 
1 1501 
10 1211 
0 499 
10 812 
1 298 1055 
10 1244 9 
10 680 
1 1332 9 
3 96 
10 439 73 147 112 7 10 184 14 298 
10 732 
1 1628 
10 808 62 
12 285 
0 220 
8 16 182 122 93 194 517 
10 378 
8 41 6 20 8 2 232 112 74 43 121 156 225 35 
10 333 108 106 335 404 437 
10 115 65 6 7 9 8 28 7 19 7 22 7 171 9 116 6 31 17 36 7 7 17 175 60 70 21 17 110 10 7 89 107 14 6 25 37 204 9 
10 474 9 1189 9 
10 1655 
3 492 4 
1 1687 
10 135 1221 7 
0 1103 
3 105 
8 635 
10 1112 
10 501 1018 12 12 
0 156 687 9 
1 416 
12 298 
1 986 
11 173 
1 1402 
8 380 
0 564 
3 41 154 63 4 5 5 4 4 4 5 
0 961 
1 376 
3 17 150 390 
8 399 
1 1050 
8 316 310 
12 55 468 
0 741 
10 1158 
11 448 
10 14 1766 28 23 
0 65 
0 87 
12 193 239 
10 704 
12 35 795 
12 448 
8 768 
12 565 112 
8 544 46 2 
10 1387 
1 1537 
0 509 
0 344 
10 579 130 270 442 
10 1107 
8 195 
1 1550 
12 986 
4 125 7 
10 516 
12 698 
12 968 
8 649 269 152 3 
0 1102 
8 583 
0 194 
12 89 623 
0 842 9 
1 1294 110 21 
12 78 52 59 
12 747 
0 350 
12 456 
8 433 
8 642 
10 1407 
12 1017 
0 217 
1 1582 
8 1033 
12 1009 
1 1554 
0 900 3 2 3 3 4 3 2 3 130 3 2 3 3 4 3 
12 824 
12 331 
10 223 
0 1086 
11 572 
12 641 
1 1532 
1 1230 
1 1225 
1 1699 
11 78 
8 440 
12 362 
11 266 
11 520 4 
12 953 
11 312 
12 805 
12 943 
0 917 
0 696 
1 683 
